-7.377418
-8.564096
-10.567804
-12.553049
-8.943944
-5.346324
-8.590348
-8.953197
-2.612104
-9.220131
-7.856467
-11.966099
-11.793702
-10.653747
-11.449754
-16.467179
-4.008172
-9.126653
-10.115062
-11.414751
-7.103975
-11.643033
-12.785715
-12.628705
-16.130836
-12.118501
-19.437605
-7.808069
-12.840250
-11.944486
-10.212512
-9.108478
-14.679924
-13.324960
4.027545
-7.202870
-13.053082
-10.028002
-14.446832
-13.842465
-17.317066
-11.198858
-14.793521
-11.012704
-12.593163
-12.968038
-11.009296
-6.972640
-16.539264
-13.145932
-4.708046
-2.910374
-14.220146
-7.116714
-14.473671
-7.641981
-16.000949
-12.999109
-7.297934
-9.699643
-10.788438
-8.662510
-9.208706
-8.708934
-12.882711
-17.459493
-2.910987
-7.110960
-8.076722
-11.878620
-8.213099
-9.036662
-13.055154
-19.241243
-12.444916
-7.947018
-13.750597
-13.317491
-13.889442
-7.384402
-4.513948
-13.603950
-3.971493
-8.671425
-3.057726
-7.769982
-12.781909
-15.532924
-5.247631
-9.558370
-6.216643
-11.671687
-17.228226
-17.410850
-8.085042
-11.557338
-4.569232
-13.195601
-1.457859
-0.781272
-9.485015
-4.855083
-8.517985
-9.523105
-6.444535
-18.641696
-11.111859
-11.235010
3.422729
-10.180828
-13.249412
-13.727197
-5.042958
-9.138981
-7.677386
-11.098694
-14.556710
-9.745148
-17.729353
-14.209363
-8.420764
-16.085852
-14.971388
-9.343658
-15.512772
-9.730726
-8.172573
-13.283390
-13.637158
-16.320450
-2.208799
-8.757866
-8.222980
-16.875367
-7.515432
-19.017761
0.564525
-1.236364
-11.125699
5.027106
-9.981821
-7.289516
-9.824968
-14.409575
3.915277
-6.422126
-7.766306
-4.395459
-3.738937
-1.663017
8.426976
-8.172384
-2.553815
-6.708230
-12.765117
1.407722
-13.139443
-3.654340
-8.031549
-7.486735
0.232480
-8.323069
-9.600289
5.230029
0.381007
-1.883780
-17.975256
-10.251526
-2.588382
-8.790851
-8.030464
-11.982750
3.582323
-5.140168
-3.483555
-11.906923
-10.565744
-5.627712
-1.953380
-0.981301
-16.130900
3.656375
-9.119131
-9.133680
-10.062585
-9.173314
-6.316509
-8.162373
-0.266535
-10.812141
-6.180135
-0.017759
-4.398898
-2.721450
-14.802266
-5.645737
-8.593119
-5.921413
-11.110420
-10.588105
-10.316335
-10.266280
-2.680475
1.207078
-6.576452
-8.910684
-0.052434
-8.079066
-8.773005
-0.264231
-7.608173
-11.333062
-1.137484
0.594790
-14.707465
-4.166989
-1.140563
-0.690978
-7.779140
-14.342539
-1.035672
-10.600895
-2.155025
-6.282069
-5.359504
-6.624284
-3.563260
-12.479398
-9.957568
-4.199814
-16.179707
-9.713998
-5.537858
-0.349897
0.792007
0.879671
-7.336146
-6.419077
-3.470319
-9.678420
-0.722513
-4.117831
-0.848788
-0.266614
4.824107
-5.032828
2.590110
-12.184651
11.443891
-7.570730
0.171285
-1.204041
-4.965479
-1.328588
-12.726531
-1.223979
-5.698808
-13.355065
-8.824336
-12.477139
-8.315015
-4.958937
-0.352020
-12.975869
-8.583980
-15.297013
-8.237690
-5.896069
-2.639463
-20.755229
-1.637587
-3.516900
-11.933589
-3.504418
-8.883074
-10.256982
-8.525119
-5.317428
2.594162
-13.608230
-9.106902
-4.245805
-2.487864
-9.252683
-2.764905
-10.820092
-9.981821
-11.147910
-2.665535
0.788360
-8.553198
-6.128513
-7.809821
-1.396040
-19.965234
-13.062189
1.034143
-8.650395
-9.552402
-21.652624
-7.214674
-14.317139
-3.070749
-11.346756
-12.410390
-0.447855
-11.600127
-2.394716
-12.729286
-5.987128
-6.624284
-9.639270
-8.794281
-21.301386
-10.570380
-14.428117
-8.688947
-12.734993
-10.985961
-0.444845
-2.638175
-8.342413
-1.322748
-14.671288
-4.399917
-18.243772
-4.886489
-8.524314
1.803104
-8.783978
-10.113081
-4.953299
-11.546190
-14.986197
-12.468070
-8.119298
-4.938643
-8.034316
-0.865380
-8.232415
-14.091796
-14.003470
-8.570388
-11.476402
-6.079163
-8.492970
-6.992592
1.740861
-10.078656
-7.050600
-3.829961
-7.213286
4.184363
-2.633707
-2.305334
-7.477121
-0.490280
-4.760207
-7.397410
-8.177405
-5.930060
-12.106241
-6.113059
-1.218305
-1.375574
-11.131388
-4.632089
-11.502553
-10.747213
-3.312258
-7.455285
-9.314276
-9.900806
-0.091419
-7.548010
0.024627
-4.728483
-4.241053
-8.691523
-10.302984
-15.578224
-7.234508
-12.405071
-10.569503
-7.614334
-12.934859
-7.169800
-9.064435
-6.297415
-5.319947
-4.888887
-0.086082
-8.752378
-11.545665
-3.818286
-6.068212
-12.672202
-5.005136
-10.162531
-9.189740
-11.267479
-5.299376
0.837091
-9.959758
-3.834558
-12.007558
-6.212394
-17.988483
-4.246600
-7.125781
-13.822042
-8.935329
-9.958109
-13.854139
-3.741856
-10.807533
-6.074813
-7.123110
-4.601942
-17.099672
-10.993573
-4.022360
-6.661732
-14.919441
-11.404226
1.747000
-6.466513
-7.648931
5.829773
-13.420290
-7.075431
-3.919660
-3.968590
-6.917834
1.703207
-3.127338
-9.808810
-5.056597
-6.541223
-10.076543
-5.954213
-6.332975
-3.171018
-11.384689
-7.524155
-5.859935
-8.957386
-1.123786
-6.671142
-8.408632
-13.726070
-8.432134
-6.256401
-13.555164
-7.589913
-3.150730
-1.461330
-12.057724
-11.202517
-3.065369
-2.134369
-6.290072
-13.036339
-4.167156
4.447950
-8.637103
-15.133699
0.209691
-11.160421
-6.285813
-15.164072
-1.858599
-4.073536
2.408387
-15.423304
-7.486259
-10.823571
-3.448226
-14.734089
-13.748324
-12.455649
-10.711083
-3.569469
-9.730835
-14.336384
-6.929421
-4.238734
-4.830027
-9.501330
-10.657223
-4.088993
-8.636994
-0.845884
-0.596601
-4.513374
-7.747288
-0.578179
-14.501172
-14.715590
-6.546793
-4.545708
-8.900188
-14.872541
-14.334981
-15.295500
-3.970755
-10.870155
-10.546831
-3.506571
-0.245448
-5.847206
-6.952427
-11.447684
-9.007574
-10.835511
3.553638
-5.759040
0.079621
-7.431852
-10.549327
-6.546632
-7.163039
-6.766989
-5.397547
7.858926
1.142677
-0.718006
-4.097633
-9.867447
-0.550562
8.606677
-2.108964
-9.695693
-3.650453
-2.150945
-8.376809
-6.783248
-8.199530
-12.243485
-13.012055
-7.900325
-14.405918
-9.921575
-2.555368
-12.607039
-3.836258
-4.619232
-8.474127
-18.377096
-7.958046
-3.692276
-7.246404
2.582806
-6.252562
-11.200532
-0.158780
-7.816332
2.004028
-12.737015
-9.378750
-5.425982
-5.490397
-2.819267
-4.002424
-4.572035
4.518721
-9.092887
-8.937572
-8.836755
-15.428665
-3.400382
-7.180877
-1.295684
-11.287867
-4.199719
-7.655381
-8.270918
-7.268057
-0.918136
-10.070697
-9.064361
-10.811900
4.253557
-0.233895
-8.757243
-20.535192
-3.548319
-8.134862
-2.693989
-7.791509
-8.835015
-8.485057
-7.936085
-5.313369
-9.153474
-10.293396
-5.700631
-7.495022
-7.998011
-10.324358
-4.558751
-12.170658
-17.922206
-3.297509
-7.383517
-6.290820
-3.430133
-7.719062
-4.014560
-14.476534
4.250867
-8.217843
-10.795321
-14.841795
-6.671995
-13.506625
-6.735924
-10.518833
1.020360
-15.830930
-8.813528
-4.541136
-1.735490
-0.673763
-13.190842
-2.310038
-11.510302
-11.192118
-3.876255
-4.603690
-0.033854
-6.694892
-6.338106
-1.616812
-17.213624
-14.596440
-4.205134
-11.609895
-5.090487
-13.036113
-8.863983
-10.853266
-9.043251
-8.379205
1.333343
-8.902419
-9.761215
-2.040181
0.189834
-16.942925
-11.294999
-9.089410
-0.610197
-12.068565
-4.152786
-5.818302
-5.198721
-20.327847
-7.790480
-10.459972
-12.230212
-10.987334
-4.271723
1.127683
-3.125453
-6.127836
-4.142115
-12.835750
-10.349666
-8.584149
-7.099749
3.783468
-13.690509
-5.538432
-10.404845
-13.986687
-3.902348
-5.277408
-0.132979
-6.401447
-15.461407
-7.796453
-9.889903
3.736143
-8.417291
-8.742042
-11.540132
-14.193511
-11.229310
-4.699730
0.114993
-11.484032
-11.830603
-11.721886
3.497715
-4.451869
2.147439
-10.587023
3.989475
-6.589479
4.111433
-8.635101
-4.183462
-10.763167
2.944648
-6.423580
-10.921979
-7.357529
-7.157817
-12.257750
-11.983513
-4.101727
-7.793465
-6.149533
-11.076891
-6.253468
-11.962033
-4.664121
-6.117722
1.836135
-6.912118
-11.950523
-9.290943
-11.872300
-6.071569
-6.184051
-1.502414
-8.130000
0.294354
-10.892799
-5.345420
-15.330397
-5.517830
-8.519785
-7.120695
-12.751025
-8.031549
-8.411008
-11.765908
-6.277299
-7.717673
-13.681724
-6.960884
-6.462400
4.362274
-5.809483
2.278575
-3.075449
1.995369
-3.650945
-1.928492
-3.770164
-3.924697
-7.911931
0.933667
-9.725704
-13.369627
-2.281874
-14.349725
-1.685190
-3.152064
-4.487444
-11.428829
-0.857877
-3.611436
-4.931758
1.740741
-4.118579
2.568779
-14.390550
-12.797475
-3.611059
-12.120413
-20.953823
-7.689884
-4.146367
-6.204486
-3.642562
-5.212331
-3.695014
-14.393760
-12.177719
-15.057029
-2.389276
-8.897481
-10.370209
-2.986390
-2.005321
-12.068301
-1.887043
-1.526184
-7.625659
-10.346164
-9.731826
-12.365086
-8.517774
-10.983578
-12.610337
-11.713968
-8.671615
-0.528206
-13.085119
4.259429
1.552238
-7.525620
2.241939
-5.601474
0.738534
-6.904238
-5.612730
-14.025601
2.030477
-15.462493
0.752005
-1.519923
-1.837670
-5.986331
-7.218419
-9.020361
-3.020652
-8.324532
0.149007
-10.282042
-4.641017
-14.157588
-10.154156
-3.121300
-16.588805
-3.227751
-11.100702
-1.287405
-12.118749
-2.327981
-0.847723
-15.676836
-9.376397
-13.414974
-8.547164
-1.463764
-11.603555
-1.358260
4.297278
-14.532334
0.467010
-4.691841
-2.680398
-8.743841
-1.506309
-6.493653
-9.300564
1.344452
-3.614224
-11.236663
-3.536380
4.319792
-10.308715
-1.242839
0.589185
-4.315883
-9.526097
-6.820649
-5.930816
-8.314608
-12.096375
-5.679508
-11.205250
-5.201577
-2.219775
-4.012680
-6.731786
-14.553039
-7.387900
-3.522045
-6.373597
-11.966015
-2.497623
-10.624890
-7.619617
-4.773071
-8.136620
-7.278640
-12.452803
-2.781206
-6.884071
5.663394
-4.759415
-3.570298
-3.099067
-6.191744
-14.845269
-7.873751
0.627036
10.224535
-12.609830
-5.763090
-5.056249
4.620566
-3.087555
-8.411083
-7.237200
-5.953535
-11.319655
-11.808410
-9.125312
-8.248695
2.276957
3.967522
-9.054558
-10.980223
-15.028331
-13.288681
-4.269362
-6.146328
-11.801827
3.683014
3.046921
-4.726514
-2.548164
-7.116733
-4.009541
-0.153490
-15.963762
-21.707746
-8.600810
2.894278
-8.699960
-2.856038
-1.825051
-5.230723
-2.478710
-7.013018
-9.535492
1.558050
-10.426107
-9.098242
-4.467259
-6.699502
-10.159092
-6.045494
2.580585
-8.627767
-3.859816
-0.391196
0.818030
-2.134189
-4.076597
-6.600748
-11.064003
-1.614012
3.038918
-6.405905
-5.606367
-3.497845
-4.372449
-18.022568
1.671036
-7.652556
-11.014697
-7.225121
-7.310960
-2.393644
1.431628
-4.471565
-5.712361
-12.177245
-11.105727
-12.027629
-8.025369
-1.747276
-4.864938
-0.298696
-8.886976
-6.330050
-5.792516
-11.127614
-6.328557
-7.961650
2.417219
-7.106176
-8.579715
-8.866358
-2.113198
-5.452355
-10.108030
-12.676996
-5.836605
-4.038907
1.527953
-4.365290
-3.743008
-12.362778
-9.537958
-9.204586
-8.986470
-2.835527
-2.702717
-9.313494
0.872639
-3.911614
-14.701827
-8.941859
1.059971
-10.939207
-9.672941
-2.199638
-10.855647
-0.192800
-11.078402
-12.919624
-4.925005
-6.131856
-4.910772
-7.756579
-4.371949
-9.264919
-8.140146
-7.638363
-7.987263
-10.404026
-4.866312
-11.364447
-7.366084
-11.999236
-1.355232
-4.686888
-5.505228
-11.566179
-7.835919
-9.299710
-5.137487
-12.541895
-1.388421
-11.031942
-4.600201
-3.399270
-10.232288
-13.862132
-13.843714
-11.912855
-10.927103
-2.837340
-14.112793
0.171494
-16.842168
-3.698088
-12.751655
-10.279067
-6.447081
-10.781654
-11.693693
-13.781008
-3.306647
7.485480
0.161459
-10.918054
-12.003668
-12.479838
-2.780480
-1.879914
-13.717092
-11.532211
-14.157860
-7.534442
-0.491932
-10.572069
-6.546409
-3.357548
-6.970741
-7.893928
-6.940896
-11.736635
-1.922986
-4.008505
-7.761613
-5.347227
-18.528445
-7.730128
6.858649
-9.584334
-2.109990
-15.047500
-9.041573
-14.331980
-9.224054
-12.550811
-0.723963
-0.427950
-9.218311
-2.995149
1.040174
-12.057952
-14.151071
-2.447092
-5.959597
-8.776883
-12.673269
-5.449992
-5.333941
-10.086852
-7.043020
-9.255076
-12.393448
-9.448576
-0.595185
-10.298498
-8.144987
-4.725385
-7.352014
-6.840934
-8.352219
-12.865279
-15.063137
-7.672627
-5.488650
-11.719703
-2.207049
-10.850665
-4.065052
-1.828459
-12.595870
-12.694110
-1.127393
-5.889181
-9.085536
-2.028657
-6.769295
-12.093929
-15.076737
-13.224663
-8.970338
-6.471324
-13.300725
0.547962
-10.869507
-7.936627
-9.733242
-5.675426
-10.343464
-3.355170
-4.378043
-12.824870
-12.034234
-3.608355
-10.042075
-5.374839
-8.630505
-6.579658
6.422773
0.071520
-18.529847
-4.885381
-10.069368
-5.580295
-7.469294
-8.482601
-16.488885
-3.315308
-10.555956
-15.583292
-0.307531
-12.633126
-0.665297
-10.651292
-0.360688
-7.418914
-6.136131
-10.650348
-5.412526
-2.246152
-8.335770
-4.587504
-14.058144
-6.051103
-9.627104
-7.838349
-2.150547
-5.802159
-16.491683
-13.672161
-5.450627
-11.219760
-7.588730
-6.342494
-9.405098
-14.990440
-8.816048
-9.192856
-1.162766
-4.316002
2.323214
-7.836902
-5.621265
-10.376805
-8.726672
-1.380947
-5.306717
-7.948511
3.702944
-13.108190
-14.809230
-5.248010
-4.211548
1.039796
-6.841407
-12.606063
-4.620981
-9.174821
-14.860269
-13.644090
-8.654832
-6.538606
-10.464387
-6.468838
-3.555924
-11.600228
1.086216
-5.852701
-5.776474
-12.192213
-6.199074
0.358007
-2.955515
-16.851791
-10.322569
-8.424768
-6.223803
-9.165210
-4.434411
4.192991
-3.067440
-0.491882
-15.081948
3.110063
-7.092195
-4.496968
2.225919
-3.635733
1.462325
-9.921575
-1.862614
-11.813822
3.157888
0.135501
-0.754334
1.410836
-9.080144
-10.700156
-2.153354
-10.073880
-3.527304
-10.809527
-14.604944
-6.678731
-10.858971
-10.739176
-6.252162
-7.979926
-8.365422
-0.826640
-4.097515
-6.415789
0.810161
-11.213716
-17.045587
6.920281
-12.840496
8.966425
-4.434596
-6.359721
-4.734634
-13.867327
3.907696
0.340491
-6.155764
4.336835
-4.386525
-10.669339
-12.332673
-15.298583
-12.951404
-11.872999
-14.133862
-9.896201
-4.707022
-17.622030
-1.698884
-3.502026
-2.586812
-13.077158
-16.728152
-2.502946
-3.477986
-5.223973
-9.498701
-9.562993
-4.364211
-12.847365
-6.971396
1.548711
-3.770486
-7.209529
-1.392568
-5.476148
-7.492735
-4.535099
-8.029808
-16.032383
-14.884975
-1.108185
-14.849957
-5.680960
-9.454487
-5.212359
-5.102878
-11.309370
-8.473736
-3.551885
-11.516854
0.487463
-5.537345
-0.204694
7.559350
-13.994387
-1.241304
-13.879712
-2.452973
2.656987
-8.273422
-7.572912
2.534795
-10.836648
-6.758268
-11.951610
-4.509096
-0.520327
-4.986354
-9.967507
-10.839553
-6.206111
-8.286703
-6.211947
-3.545840
-6.683950
-4.341700
-4.205001
-0.083489
-1.427640
-1.451473
-8.498864
-13.222222
-9.936554
-3.188330
0.598120
-11.658548
-9.884899
-8.344447
0.505427
-7.321447
-11.954101
-6.653482
-5.990608
-3.052892
-11.698875
-10.075496
-5.283793
-15.346044
-6.669531
-2.795402
3.902217
-2.018628
4.253535
-5.023720
-7.754208
-10.849933
-8.892499
-7.154836
-2.220924
-10.145621
-3.875305
-9.101413
-10.949654
-9.728266
-5.699311
-3.433123
-4.134999
-5.921271
-5.103147
-19.006884
1.609566
-6.307434
-7.434420
-7.422659
-5.306060
-0.947916
-8.520036
-0.615150
-5.387646
-2.770085
-8.330594
-6.083241
-12.107803
-13.230170
-2.101002
-6.119145
-3.804375
-14.884441
-11.092352
-4.035948
4.648949
-8.485834
-7.671718
-10.319322
-12.104861
-7.413515
-11.101910
-12.752145
-7.020422
-14.853452
-3.443952
-4.519571
-12.521870
-4.612922
-14.200071
-14.116002
-5.077437
-15.036382
-10.034632
-3.482071
4.250946
-11.622289
-1.354606
3.321327
-6.470172
-6.200872
-5.757328
-7.677909
-8.303649
-4.498658
-9.667458
-5.562293
0.146260
-15.126610
-10.210382
-6.217441
-6.936154
-4.860308
-10.534824
-9.867388
-8.689144
-6.438292
-13.252998
-9.693026
-0.788628
-4.181423
-7.668713
-6.275335
-8.479591
-9.295223
-6.981456
-9.345546
-16.939685
-9.092811
-11.279804
-7.334868
-9.450481
-7.550735
-13.468077
-7.728354
-2.677941
-7.766402
-4.652492
1.784964
-11.106898
-7.929936
-3.526743
-7.623855
-6.763772
-12.940302
-10.201980
-10.298498
-13.316811
3.621496
-10.697194
-5.193687
-12.868642
-11.542212
-6.730790
-6.015164
-2.087979
-10.174537
-4.446911
-2.314487
-6.760199
-4.252169
1.768292
-6.940896
-7.265487
-2.169624
-2.771752
-0.246580
-1.543206
-6.035760
-9.144885
-4.010293
-1.834256
-11.227698
-11.479266
-15.930568
-2.505374
-6.182749
-10.711558
-1.796627
-7.158311
0.975989
-7.326969
-8.294646
-12.856989
-5.644586
-15.341573
-6.485404
-1.819688
-5.073392
-10.271373
-10.948266
-8.950221
-5.077117
-10.077269
-8.718409
-6.395766
-8.402576
-6.280147
-8.933251
-5.686949
-9.089118
-6.790477
-2.999915
-11.050157
-7.495022
-8.859371
-5.940400
-10.281209
-15.268772
-4.541363
1.564058
-15.176719
4.324815
-7.571823
-7.084748
-7.828289
-4.912482
-16.602870
-10.620073
2.855877
-5.862496
-13.968215
-12.986089
-8.115363
4.948854
-9.394911
-19.892079
2.490541
-9.196743
-13.124069
-7.926682
-8.716886
-11.944669
-12.580268
-6.100874
-12.944018
-10.388227
-5.967621
-22.633569
0.840649
-0.074413
-6.941494
-15.382843
-8.804764
-4.042429
0.312688
-5.508852
-2.908051
-2.750282
-8.157531
-5.718570
-10.875427
-8.472177
-0.811026
-11.506933
-0.490087
-8.017542
-4.037996
-5.133701
-9.484185
-9.413236
-7.433865
-4.737971
-6.024796
-4.443535
-7.423416
-4.231973
-11.574438
-4.527101
-5.826069
-13.032645
-7.689961
1.054392
-11.274214
-2.213857
-15.294312
-0.579501
0.956309
-10.531647
-11.683910
-2.410892
-11.006628
10.259238
-11.444379
-10.182109
-7.048292
-15.073481
-5.154849
-14.960498
-1.669125
-0.158972
-7.482656
-8.609662
-5.730054
-14.185477
-6.380181
-14.715137
-11.742110
-2.526674
1.168837
2.697864
-8.843674
-14.537364
-6.097405
1.409084
-10.259269
-8.683257
0.770582
-5.706114
-3.025250
-12.448768
-11.089377
-6.428577
-8.790048
-14.956787
-6.714370
-5.789761
-11.251339
-7.571521
-5.201577
-9.129094
-7.823991
-7.470151
-1.858005
-8.283472
-4.999745
-6.751943
-3.188371
-7.199570
-4.862014
-14.250412
-7.909951
-6.967764
-5.397642
-3.595605
-6.705933
-10.019779
-6.901225
-0.175576
0.964498
-4.334004
-14.128289
-3.960826
-13.724991
-11.579721
-4.196754
-4.218325
-12.728762
-13.062189
-2.196175
1.009394
-7.393246
-1.202291
-2.610650
-15.990680
-6.308277
-10.620073
-2.376878
-5.892512
-6.357501
-8.641981
-0.274579
-11.722469
-5.339681
-5.968606
-0.990634
-15.378941
-17.307817
-7.936370
-6.515676
-1.713627
-15.267704
-6.685470
-11.781939
-10.625142
-6.971500
-17.245839
-3.443215
-10.115182
-4.310114
4.934898
-7.795604
-2.504702
-0.403577
-8.649230
-14.388428
-7.126702
-1.785360
-9.288884
-8.328663
-10.264689
-9.524021
-9.898251
-9.091353
-7.235732
-11.378568
-12.453890
2.140947
-8.821242
-11.080682
-7.059855
-10.947864
-8.227844
-2.952748
-6.101335
-15.025621
-8.810184
-10.837272
-15.086004
1.278741
-10.361603
0.012860
-11.977059
-14.533416
-5.026702
-5.364912
-3.472975
-10.515265
0.905677
-2.624442
-8.298794
-10.721571
-6.766465
-4.577517
-7.450533
-5.158088
0.284840
-3.268194
-10.100959
-12.985652
3.697580
-5.594502
-9.585205
-2.940774
-5.527079
3.837912
-4.067894
3.669045
-6.835189
-14.147510
-6.499342
-6.709545
-12.520367
-11.855467
-7.839257
-9.085151
-11.381161
-7.322569
-0.801384
-10.196982
-5.862720
-9.681473
-14.106362
-8.377674
-11.134858
-7.693530
-8.761251
-4.132671
-3.017869
1.167412
-11.908856
-5.256634
-9.542463
-6.877346
-12.613769
-4.648872
3.543217
-5.558632
-4.510913
-5.659779
-12.038120
-6.977846
-6.020344
-7.062584
1.763279
-5.115285
-13.099915
-10.129044
-6.665428
-11.812718
-6.317468
-7.438679
-1.386035
-8.393838
-8.225379
1.886883
-10.497513
-0.060144
-7.533120
-9.749456
-17.065928
-1.693440
-5.523925
-3.038312
-3.718646
-4.238035
-10.465081
-10.517057
3.280074
-4.885808
-5.098699
-16.181710
1.338237
-5.451743
-0.479200
0.081283
-7.947354
-10.010101
-4.572035
-1.464285
-11.609031
0.349560
-9.674179
-8.100830
-9.142111
-16.958951
0.642773
-5.401215
-9.316369
-6.358206
-7.458468
-3.566898
-10.056355
-4.316113
2.790347
0.802097
-6.306498
-1.816842
-12.172715
-2.200319
-17.675526
-7.964954
-2.357704
-13.325594
-3.489956
-8.565714
-12.268026
-8.751962
-1.277042
-4.450085
-4.298221
-18.061235
-0.837143
-12.645508
-8.043869
0.333407
-0.525654
-1.319996
-3.054300
-8.595468
-5.402332
-9.697286
2.396779
-8.078202
-2.145984
-10.104952
-5.887644
-15.289308
-10.738219
-14.334981
0.638327
-11.678797
-5.311159
-3.395224
-10.640494
-10.570332
-2.436712
-4.068130
-6.657867
-6.058451
-6.124040
-15.352316
-13.435354
-10.200303
-0.433141
-5.381378
-3.575876
-2.595802
-6.135516
-12.268818
-14.469467
-13.208328
-19.278513
-8.941088
-9.530633
-7.157123
-9.186260
6.055193
-3.961615
-7.849751
-2.051145
0.275516
-4.684415
-9.333499
-6.686536
-4.494165
1.303894
-5.525979
-3.474512
-9.014686
-2.641016
-6.358365
-9.713197
-1.596926
-6.770914
-5.718722
-17.208091
-4.892777
-3.720486
-8.764305
-3.917533
-11.228641
-3.518714
-11.942948
-12.923263
-5.483089
-3.013232
-8.212392
-11.874654
-2.564606
-14.181098
-0.948855
-8.926500
-1.078547
-9.611162
2.698389
-14.070587
-12.117912
-5.967476
-15.079276
-2.576455
-7.117411
-8.149994
-6.426921
-6.320192
-12.575309
-10.656481
-12.019333
-10.616508
-5.587335
-12.194702
-6.122678
-13.073542
-7.784963
-10.124931
-7.775573
-11.697740
-9.196941
-6.520377
-9.112360
-9.688564
-6.048088
-4.582922
-5.904580
-0.587924
-11.361615
4.878993
-4.830006
-5.930079
-2.840644
-7.097684
-7.753143
-7.048183
-11.443728
-10.514282
-0.611822
-12.574528
-10.086852
-10.509404
-1.794114
0.833311
-4.602195
-9.279381
-9.828863
3.064480
-5.109730
0.933610
-11.643813
0.012860
-5.719559
-15.260392
-10.584272
-9.644423
-2.167613
-4.104337
-6.364242
-6.438594
-3.886109
-7.663706
-1.373644
-13.198078
-8.833510
-6.780355
-8.436195
-0.453052
-12.411747
-14.578272
-2.737270
-2.339795
4.317003
-14.548300
-7.673811
-0.537088
-6.807806
-7.735511
-8.737973
-8.491475
-10.034317
-6.247394
-6.516342
-9.618708
1.990556
3.835689
-8.337117
-3.331716
-10.085693
-4.948963
-8.956979
-12.915496
-13.465309
-8.928274
-11.503926
-8.746575
-2.806892
-9.992742
-5.334827
-2.527019
-8.218311
-3.161858
-4.122415
-11.266626
-14.425619
-4.905167
-0.100829
-6.909950
-8.012985
-7.706041
-9.296917
-2.556843
-5.315644
-0.901993
-8.273422
-5.474463
-4.215246
-9.603904
-12.897462
1.183139
-18.528753
-4.227605
-8.920345
1.008842
-3.121599
-15.369220
4.601619
-14.558126
-9.964986
-3.383714
-13.352784
8.474541
-8.529945
-12.363071
-8.682107
-7.672769
-7.672769
-4.793340
-10.432445
5.171808
-17.267405
-8.582724
-7.050272
-17.353757
-3.227610
-1.030305
-1.721991
2.075118
-11.929540
-2.410736
-1.857505
-3.985035
-2.243767
-10.710207
-5.127793
-6.378647
-10.103675
-9.902631
-7.302876
-6.311365
-10.045938
-3.573176
-4.668881
-13.135472
-8.913143
-6.556721
-13.212100
-10.311548
0.307900
-14.320955
-10.040499
0.688698
-7.957914
-4.175240
-14.522043
-8.283192
-5.348653
-6.254479
-6.189114
-0.694386
-3.497842
-4.492449
-6.688194
7.621262
-8.264872
-15.459758
-10.674696
-5.661255
-6.512736
-6.675930
-9.994859
-11.847109
-7.132977
-5.617501
-10.955009
-8.248690
-6.744290
-10.873504
-6.601707
-2.315058
-4.695446
0.063718
-5.003200
-5.497225
-13.323543
-8.615919
-7.303999
3.667990
-2.776555
-8.897755
-7.876925
-10.070020
-17.320470
-10.231279
-15.897736
-11.567962
1.448931
-12.834197
-6.430190
-4.458272
-7.754664
-9.160146
2.752675
-0.693526
-10.882143
-2.585300
-10.929051
0.967553
-4.594632
-8.836709
-10.597814
-6.233965
-4.472800
-14.655755
-1.315005
-9.198899
-7.735109
-4.096010
2.136644
-14.647406
6.597703
-4.697038
2.361857
-3.883196
-6.253283
-17.682922
3.402476
-9.873906
-12.454676
-2.064423
-4.916721
-15.555504
-9.834906
-6.002493
-5.073148
-9.034980
-2.378855
-6.145209
-4.377586
-13.930816
-2.595738
-12.203284
-2.953030
-13.687077
-9.637713
-4.611559
-7.227523
-5.954644
-7.540418
-4.994488
-9.571733
-3.349552
-4.713916
-11.879585
-9.262122
-5.442666
-8.886326
-8.236186
-2.091600
-10.143719
-7.682691
-1.981939
8.360775
-11.592716
-6.352732
-9.692248
-12.239655
1.066562
-1.799935
-8.303158
-8.840397
-3.432752
-5.611609
-4.811858
-7.743104
-5.176716
-8.095419
-11.090711
-8.896521
-6.141959
1.227447
-6.150598
-8.499909
-1.263605
-6.413555
-2.274992
-7.312920
2.955896
-7.867405
-15.559305
-8.196075
-7.654774
-5.992509
-10.608741
-10.057274
-7.830123
-9.863642
-9.461499
-8.131786
-2.903210
-11.292125
-10.589492
-7.881987
0.702458
-14.878312
1.142403
-9.075497
-9.941773
-3.111762
-1.752357
-8.159564
-5.856829
-13.326021
2.131546
-9.921575
0.570983
-13.606658
-2.920151
-6.935074
-15.081756
-13.310766
2.785037
-7.055906
-7.336623
0.265866
-6.014778
-2.531062
-8.478839
-6.323453
-4.308784
-9.539508
-12.801259
-4.154300
-13.612692
-11.810355
-6.781860
-8.032243
-10.413401
-8.672824
-0.006221
-9.496739
-6.408176
-2.366668
-8.093620
-4.914394
-5.253851
-2.960100
-8.983033
-8.610295
-11.711257
-4.428574
-15.194323
-4.454682
-14.025601
-14.329119
-4.228282
-3.222748
-5.769885
-3.204655
-1.923273
-4.686006
-5.157834
-4.073634
-7.730434
-8.090466
-5.762055
-10.366382
-5.838781
-8.412365
-7.744544
-6.154572
-3.713081
-9.767869
-5.811487
-1.291190
-9.093109
-10.282702
-15.767256
-11.134177
-5.516718
4.931904
-2.167316
-14.953951
-10.320400
-11.060125
-13.880132
-10.071862
-18.662741
-9.238000
4.444524
-10.958213
-3.588842
2.195161
-7.191010
-0.748971
-7.835615
-9.463747
-9.342543
-11.129169
-3.525613
1.186236
-7.856374
-9.529871
-9.130453
-10.972018
-14.845269
-0.956907
-13.092292
-6.642023
-5.104942
-9.618671
-7.380567
-5.338457
-5.140968
-3.963229
-4.480317
-4.772724
-3.038319
-8.422147
4.236104
-10.166206
-4.047098
-5.366489
-2.362276
-10.620073
-3.758365
-7.669331
-11.435551
-11.634827
-12.128926
-5.975611
-9.343455
-11.249360
-15.761584
-14.884975
-9.026355
-9.922696
-13.361535
-9.858954
-7.978201
-9.393845
-1.469670
-9.432738
-9.433171
-17.999665
-3.317223
-5.746850
-8.917911
-4.003009
-5.717421
-10.954217
-9.781351
-15.897609
-7.997314
-3.651609
-3.132856
-3.619195
-10.388812
-4.037808
-10.115182
-5.162118
-11.781817
-6.111402
-10.276922
-9.848981
-11.759943
-7.629685
5.111178
-9.412085
-8.458939
-10.620192
2.017908
-3.638955
1.153138
-1.947187
-7.433167
-11.513112
-6.669558
2.504348
-1.451724
-9.056073
-7.591809
-6.221674
-10.135790
-0.457916
-0.339540
-4.433858
-12.009653
-4.789239
-6.802643
-2.787986
-4.866078
-4.344512
-10.066290
-8.993787
-2.684555
-0.121904
-7.333603
-3.297469
-8.058511
-0.265166
-7.102224
1.738975
-5.453434
-9.056674
-4.950866
-2.136817
-10.427957
-10.627550
-6.923704
-8.201056
-5.740997
-6.882363
-6.009786
-0.950758
-7.271872
-14.089517
-10.286267
-3.744096
-0.692102
-8.742483
-3.877414
-9.593817
-11.760997
-0.778794
-9.027771
-3.428458
-6.704593
-6.843140
-5.115134
-9.830827
-16.472795
-3.111521
-9.204097
-6.294598
-12.118450
-9.058439
-5.990812
-9.295868
-12.359569
-8.419248
1.280950
-1.509988
-8.780301
-9.016722
3.112197
-14.773839
-10.716989
-13.656277
-14.527273
-10.256007
-7.428351
-2.064946
-5.057634
-7.454613
-5.889923
-9.527571
6.898625
-6.053510
-0.822751
-11.674418
-5.370745
-7.843334
-7.408831
-6.665747
-10.597062
-10.942860
-8.301078
-4.791855
-7.826859
0.899082
-9.316712
-6.109301
0.847157
-14.502316
-8.374682
-6.550381
-13.334669
-9.180728
-10.198080
-11.226357
-7.393913
-5.920712
-1.914561
-14.063360
-5.856086
-9.554580
-1.687196
-12.135530
-4.428905
-2.387977
-3.881816
-8.684811
-11.248693
-5.851258
-12.445231
-9.163260
-13.037535
-3.741200
-0.039312
-8.236361
-7.038583
-4.140137
3.395604
-3.515376
0.308512
-4.040565
-9.254569
-7.548743
-7.438574
-7.751278
-17.493818
-3.747512
-7.480473
2.046187
-4.443071
-8.077924
-12.775135
-1.114014
-7.157919
-0.216637
0.766952
-2.208799
-5.359136
-7.387524
-3.114059
-15.941148
-7.354826
-6.153169
-4.159332
-10.743893
-2.982299
-0.300326
-9.321119
-12.729651
-15.773814
-1.916090
-13.201869
-7.758600
-6.261279
-3.400285
-15.182249
-13.268156
-6.714243
-13.683905
-10.647610
-7.805082
-4.609890
4.138450
-0.254126
-13.665368
0.798193
-5.341021
-7.573616
-5.317571
-8.200236
-16.524378
-11.832126
4.129871
-9.895171
-5.699203
-3.319443
-12.032346
-2.907692
-5.888245
3.625744
-8.489472
-1.056267
5.321852
-8.680131
-11.461155
-19.932995
-12.130227
-14.810607
-14.459718
-5.073037
-11.477154
-12.279389
-2.173930
3.656317
-6.902738
2.506917
-7.974338
-11.999625
-9.651874
-12.513030
-11.919542
1.652513
-16.389924
-6.326320
4.819785
-6.329086
-11.958166
-9.377114
-15.219571
-17.781657
-6.091872
-5.503621
-7.566430
-3.350860
-15.440300
-9.174966
6.242875
-6.619077
-9.952889
-0.775736
0.568069
-8.585187
-6.047218
-6.413815
-3.384512
-3.486474
-3.411334
-13.627606
-13.159762
-16.177260
-14.208229
-7.647290
-12.887339
-10.566110
-8.581212
-12.631242
-9.881437
-6.357905
-11.420494
-17.026424
-9.128030
-4.017864
-4.264783
-7.684627
-4.266536
-20.116047
6.592272
-13.432337
1.951166
-11.209762
-10.946195
-11.994248
-12.145140
-7.458542
-3.580981
-11.271907
-11.231015
-13.199465
-19.561046
-8.765489
-5.711030
-2.949885
-6.139414
-7.725221
-8.685284
-5.352416
-8.743010
-18.210734
-8.860865
-7.795043
-10.491951
-10.657391
-12.390715
-8.009067
5.935788
-11.869610
-9.147933
-8.431917
-11.371467
-8.431481
-3.993385
-8.576375
-4.668289
-3.514402
-7.999532
-8.361547
-2.016308
1.204390
-0.471288
-2.200830
-10.215729
-5.290786
-2.878924
-6.400436
-13.882969
-16.647927
5.825811
3.714430
-13.966083
-5.494593
-1.887621
-12.827115
-8.184835
-16.103022
-4.579530
2.891858
-9.553219
-10.268528
-8.854150
-0.380238
-3.447414
-17.662389
-3.163870
-13.459064
-7.554955
-12.957506
-5.323628
-7.261987
-13.390919
-12.875197
-6.202044
-10.426159
-9.510472
-2.137045
-5.898744
-3.149417
-9.563815
-2.979603
-1.854977
-6.297415
-1.230237
-10.998159
1.251544
-4.120071
-5.294434
-12.529547
-12.978601
-12.032835
-10.672874
-7.986235
-10.726272
-0.764705
-5.066427
-3.132560
-1.431345
-9.017500
-2.628457
-8.496026
-6.406360
-12.893352
-2.387553
-6.426134
-7.894169
-9.060802
-8.592848
5.126884
-9.808581
-0.843891
-6.494100
-7.340912
-10.709288
-7.349822
0.536393
-5.368317
-12.906648
-5.514860
-10.446436
-3.522693
-5.842156
-13.244747
-8.424542
-7.566057
-6.444780
-1.092000
-4.705294
-10.006931
-7.588502
-9.934330
-9.173306
-5.642112
-9.904059
-2.565437
-2.874799
-3.988928
-0.303936
-2.995674
-11.726078
-13.951264
6.324157
-7.360702
-3.370462
-11.408738
-4.255293
-4.892604
-13.845120
-1.118228
-1.235440
-6.913919
-13.144411
-5.087993
-6.575743
-11.649113
-1.440938
3.524359
-5.908031
4.354127
-5.674107
-15.413671
0.832287
-6.265575
-3.634735
-1.038287
-5.610747
-12.607538
-3.877706
-3.816070
-1.059097
1.877994
-10.674908
-8.092493
-9.409554
8.719430
-2.651492
-13.316315
-5.568033
-4.771708
-6.790477
-1.606776
4.755707
-7.005698
-12.047225
3.317086
-6.540497
-12.934148
-4.611978
2.563069
-10.217393
-18.833150
-10.830437
-10.099922
-14.880997
-10.926631
-14.953951
-7.149606
-5.970437
-4.896029
-8.293104
-8.423930
-4.641305
-7.888879
-5.301606
4.751293
-5.194218
0.889899
-7.312807
-1.368914
-8.362885
-5.678930
2.053695
-7.361742
-13.741858
-11.938950
-9.520219
-11.921473
-10.593634
-10.558202
-3.040630
-3.640063
-6.742625
-4.858645
-7.732135
-11.980696
-8.808949
-1.304706
1.944350
-10.227464
-9.152037
0.586920
-2.823636
-6.078826
-11.613747
-14.399704
0.102366
6.000677
-9.491170
-11.118268
-7.991976
-1.358374
-8.445038
-9.454920
-6.945237
-5.032383
-2.841775
-7.837164
-6.626762
-11.100473
-6.533141
-3.981322
-2.387829
-9.301964
-5.706634
-7.420432
-13.784942
-0.858981
7.308625
-6.303718
-9.935522
-5.368721
-4.224902
-0.288534
-3.984941
-7.361054
-1.280413
-3.879539
-11.241623
-11.753823
-11.319535
-5.513168
0.005587
-7.694047
-12.720626
-8.347338
1.695141
-13.384136
-4.176932
-7.108393
-2.968230
-1.326510
-12.195395
-7.317141
-4.165685
-11.930397
-2.015415
2.355549
-11.476900
-10.481570
-2.958070
-8.773357
-7.407632
-10.466904
-10.049635
-0.049373
-7.577813
-9.111318
-4.179839
-15.483975
-5.727804
-4.566625
-5.338353
-2.557293
-4.996212
-0.414579
-12.483699
-9.664753
-1.387278
-5.962659
-10.106505
-5.524821
-13.680625
-11.795065
-6.300979
-4.086450
-7.946134
6.095782
-17.091824
-10.450824
-3.189411
-5.215157
-0.809128
-2.718028
-9.214465
-7.592183
-11.496981
-5.926389
-7.657153
-2.569319
-6.942278
-3.424921
-8.197813
-2.956991
-9.727425
-10.578439
-6.277617
-9.121900
-8.225199
-17.774577
-9.416049
-6.664494
-10.652979
-1.052276
-5.621265
-1.663648
-11.399168
-8.078429
-10.921575
-9.843569
6.745349
-7.749945
-1.895430
-5.043434
-4.839367
-10.279967
-10.422391
-7.725488
-1.617841
-9.865138
-5.365108
-7.864981
-10.414413
-18.465943
-4.577624
-6.014944
6.979497
-6.331121
-10.915497
-9.579098
-6.293416
-7.886702
-14.337547
-2.346394
-6.037308
-0.269832
-6.374680
-11.488632
-6.625585
-16.725217
1.566019
-4.551680
-5.341501
9.948658
-8.755947
-13.326387
-9.842080
2.940772
-18.447873
-10.563424
-11.969745
-10.582951
-9.440095
-13.103223
-19.184879
-3.148055
11.450300
-8.280582
-12.367621
-0.230961
-13.058094
-7.598560
2.138830
-2.949892
-10.655075
-11.512624
2.659952
-8.025333
-1.923898
-17.677644
-8.782915
-7.461286
-9.959078
-12.210290
-8.176181
-9.574087
-3.712011
-3.559472
-10.395535
-8.400891
-0.709076
-4.331329
1.496185
-0.282180
-11.280136
-6.321314
2.212319
-2.540714
-6.405491
-8.759381
-3.024130
-4.716092
7.557572
-9.188663
0.180923
-14.326128
-7.490873
10.966944
-9.147785
-2.116153
-3.309636
-8.761075
-12.291952
-0.970943
-11.122306
-9.402009
-0.312497
-6.570001
-7.185551
-3.946246
-2.714895
-1.302954
-15.735752
-1.452871
-2.824635
-9.647926
3.882147
-8.987816
-15.924236
-9.938053
-4.551718
-1.361980
-7.676319
4.949798
4.925477
-10.697790
-7.196030
-6.514791
-7.877102
-7.106017
4.251318
-5.078979
-17.858390
-9.104714
-3.537255
-1.684972
-4.010041
-13.146657
-4.434411
-10.194960
-9.314149
3.787663
-11.321985
-6.742626
1.338125
-11.688876
-3.544908
-0.580846
-2.699390
6.006934
-8.191742
0.849767
2.405957
-6.471629
-7.071618
-1.615631
0.136797
-15.020047
-12.260970
-9.035960
1.959817
1.141853
-5.221623
-0.128334
-8.790019
-7.315204
-8.338743
-2.638121
-4.368888
1.049423
-7.264540
-0.380533
-3.233082
-5.220206
-6.376570
-9.088701
-11.000078
0.351714
-0.238211
-0.472630
-3.059689
-5.695326
-7.126333
-3.439085
-3.395044
-1.357274
-7.051151
-8.908573
8.260801
1.292887
-5.104742
-3.375531
-2.215458
0.783711
-5.897983
-7.421072
6.263045
-7.163598
-3.294515
-1.609267
-14.952221
-11.475404
2.231352
-9.907756
0.581768
-4.078770
1.997066
-4.273995
-3.114419
-1.431231
4.360380
-2.507585
-1.129729
-3.127709
3.950112
1.257948
-4.482380
-6.315131
1.584560
-9.940735
0.894953
-1.799586
-0.841830
-7.661141
-3.562657
-7.629554
-13.219150
3.818847
-2.469380
-9.251208
2.390220
-2.574054
-11.707780
1.066907
-14.123576
-7.227739
-8.619554
-1.109822
-2.313385
-2.664231
-4.285941
-0.590798
-7.816939
-8.323463
0.251488
-1.976116
-7.415679
3.975502
-11.587570
0.664872
6.492197
-3.990881
-7.614147
2.496419
-2.090871
2.783012
-4.141881
-11.751038
1.435588
0.918621
4.342351
-4.708447
-8.424892
-0.029067
-9.418436
-7.606551
0.999255
-4.333645
0.877319
3.247993
-3.762320
-5.653841
-7.306487
-6.057903
-9.702219
-0.369767
-7.077301
-1.721368
-7.476950
-4.328371
-10.596193
-7.501697
-4.649437
0.621809
-0.913843
-1.715960
-2.006007
0.458827
-0.705583
-10.523469
-1.651905
-11.863055
-0.966244
-6.807863
-7.149518
-6.828655
-11.624529
5.256918
-13.929114
-0.509186
-9.105509
2.861407
-1.957001
-6.854036
-9.479528
0.184493
4.777374
-4.984701
-0.481173
-15.793104
-2.319116
-9.183427
-1.773954
2.816155
1.011797
-10.229617
-3.260911
-4.074268
-10.510383
-6.436433
-6.039512
-0.423383
-6.693348
7.771651
6.953300
-11.064438
-7.646642
3.015915
-6.403439
-3.956352
10.955672
-11.680869
-8.283455
-3.190549
-12.626880
0.985746
-5.170504
-5.860421
-8.150213
-0.836910
-3.422096
-4.938249
-8.610862
-12.099216
-5.858532
-2.599663
-9.735962
-4.019087
-7.425559
-5.500739
-9.591765
-3.138622
-4.184860
-4.353561
-15.673622
0.539867
-0.010880
-13.190536
7.521202
-9.245921
1.637398
1.031987
-7.426009
-3.582004
3.989495
-7.592560
-3.470459
-11.067950
-13.247387
-0.405951
-4.532540
3.074196
-7.543635
-2.786625
-2.330502
-3.365538
-5.759206
-3.588671
-10.969639
-3.200708
-5.488487
1.067529
-12.472792
1.556408
3.558410
6.040995
-3.584390
-4.493891
8.385322
-9.191402
-9.127033
-13.629345
-7.201315
8.026708
-2.336283
-3.659551
-3.774747
-8.913089
5.769761
-11.127496
-8.819511
-3.174873
-3.295371
-0.740368
-3.931378
-12.829384
-10.738251
-5.675697
-1.984284
-5.863060
-4.786151
-11.877686
2.894296
0.561502
-7.874625
-6.237218
-5.464462
-0.129964
-10.193187
-6.867164
-5.193725
-5.656934
-4.715016
0.830064
-6.625107
3.030870
-10.861309
1.111280
-4.014474
1.506799
0.446999
-5.422143
-9.034232
-7.091276
-3.578356
-3.935906
-8.592328
0.828728
-8.139470
-5.819904
-3.345683
-0.036391
1.115195
9.038477
-2.942093
-5.291867
-2.182296
-6.702169
-12.053699
-7.245088
0.429061
-2.073867
-5.088899
-4.052085
-4.477863
1.598103
6.230040
-1.704074
-2.656891
-0.079539
-3.022055
-1.276808
-2.573264
-2.201146
-7.322175
-1.509263
-7.531212
-7.704537
-9.252059
-13.069584
-0.127303
-12.818711
-3.711008
-4.086144
-1.084263
-3.810447
-14.727796
-3.555997
-5.773002
-10.501549
5.998233
-5.630488
-2.569412
-6.732910
-10.503005
-5.792266
4.132282
-3.478446
-10.408403
-0.227044
-5.046096
-11.373973
3.638063
-13.546094
-2.085110
-13.017020
-2.014145
-6.181845
-13.469688
-6.036742
0.719255
-8.657285
1.153549
-6.181059
-2.606479
-1.194656
-0.038474
-6.771940
0.618836
-12.180838
-1.685135
0.029792
-1.397886
-6.846093
0.275756
6.608992
1.846515
0.272476
-4.688888
-5.267040
-0.899111
1.191254
-12.199829
-4.940864
-12.725093
-14.113536
-3.866720
-8.784745
-11.551347
-1.756542
-6.721204
-1.373480
-2.005286
-4.072694
-2.918121
-0.690869
1.424821
-3.263152
-4.016865
-2.958007
-8.074642
-10.204547
-12.231204
-7.716344
-5.660829
5.709446
4.527229
5.274975
-8.451231
-2.535936
-5.803047
2.483542
1.758177
-4.226860
-1.054989
-3.274542
-3.550315
-1.786875
-8.962735
-2.363039
-9.428131
-0.787209
-9.829528
-1.505231
-2.281341
-8.836725
-13.441698
-4.029598
-7.135210
-8.171478
-0.422984
2.978046
-5.493846
-5.482767
-3.926916
-6.715469
-0.095757
-4.590082
-8.665227
3.415239
7.899080
2.061514
-10.206245
-8.665247
-5.790843
-7.215705
-8.836482
-14.508017
3.635578
3.014645
-1.809173
-5.470493
-0.935367
-6.972130
-11.254563
-8.742042
-8.131775
-10.932440
6.213960
-4.031255
-11.921411
-5.705687
-7.834020
-16.046271
7.323114
-3.288181
-8.066351
-5.601474
4.944472
-11.064522
-1.629499
2.281775
-3.746789
5.675017
-5.759040
-3.253733
-6.110445
1.854804
-14.822390
-3.363521
-8.485099
-9.501452
-3.988244
1.045046
-9.337607
-8.708787
-0.277579
-4.299305
-12.534192
3.376521
-1.843937
-13.686244
-6.580209
-4.636959
7.231476
-2.710105
-8.354753
-8.752595
3.679800
0.506422
6.745449
-15.148885
3.481091
-4.888721
0.747188
3.436004
0.523216
-6.067668
-6.257732
-7.842136
3.377751
1.037898
-3.119541
-10.262902
-0.488968
-3.390948
-2.648876
-6.250474
-7.169506
-10.865247
-6.070373
-7.850125
-13.730459
-3.596904
-9.836735
-10.809245
-10.021267
3.012886
-3.060405
0.900303
-8.596537
-4.180937
-11.589423
-4.902233
-10.110547
-5.428271
-7.908812
1.755474
-13.797869
-6.808320
-7.751610
-4.056284
1.136503
3.676506
-8.714442
-3.140180
-8.406267
-2.519060
-1.535052
-8.688401
-1.412352
-14.227689
-2.714991
-13.666359
-9.231256
3.360465
3.468383
4.719513
-7.312616
-5.782623
8.201983
-3.286264
3.240604
-7.153272
-1.506374
-13.313940
-8.383487
-13.566992
-13.073531
-7.226526
-13.075276
-8.177438
2.036012
-3.556885
-3.033057
-3.478646
-15.425676
3.170589
-3.607612
-5.574371
-11.116738
-9.256648
-2.717686
-4.965926
-9.276481
-3.330030
0.130705
5.298320
1.200392
-6.061308
-7.869774
-2.787118
1.488028
-0.346905
-10.037759
-7.597609
2.690537
-3.196613
-5.615184
-9.932981
-8.576357
-6.903464
-9.010036
0.837474
-3.450373
-9.735484
-5.269324
0.404197
-4.212783
-0.995555
-17.279990
-9.523581
-0.382589
-11.378050
-0.132317
-0.532943
-9.436618
-14.983812
-11.892509
-7.994884
-3.381583
6.048918
-2.782348
-13.865275
-2.064513
-2.059932
-6.469735
-2.912887
-13.519256
-2.779909
-5.765454
-14.323805
-7.778535
-7.632520
-9.108737
-4.941812
0.534834
1.060273
-1.636177
1.468435
-0.233605
-2.962211
-10.584569
-1.046447
-6.151132
-2.034947
-9.160060
2.013555
-2.375064
-7.159676
-7.408308
5.225300
-3.915776
-7.233106
-2.650138
-9.223377
-0.608068
-4.054529
-7.941220
-3.724756
1.315917
-8.511443
-0.201050
-3.328708
-5.552654
-3.185154
-1.361738
2.393370
5.434144
-0.591004
-5.486885
-7.715965
-3.635351
-3.724831
1.568157
0.101909
-4.519528
-8.932662
-6.780752
-1.148992
-3.027268
-4.390057
-5.872203
-1.571440
-0.325688
-7.035556
5.525785
-10.873270
-3.863246
-1.343426
-7.542611
-9.901069
-3.187649
-8.137783
-7.595041
-2.573930
-6.730132
-10.009414
5.286348
-6.574024
4.726082
0.929197
8.803714
-2.809898
-12.361912
-6.558223
-4.390908
-8.538539
-0.393251
0.665837
3.121979
3.262502
2.576424
-6.993508
-4.148695
-12.069075
-11.021225
-12.259409
-8.604901
-5.502046
-2.818976
-0.912120
-3.181405
-5.749922
-7.127398
-7.662927
-7.491193
-7.956392
-1.144636
2.615066
5.389670
-9.475625
-4.652125
-5.555515
-9.176167
5.062454
1.380267
-15.117142
-11.342436
-3.324646
-7.682636
7.533365
-14.828986
-13.051968
-17.542921
-6.999717
-6.091757
-2.028630
-12.449550
-9.453920
-4.747777
-9.260248
3.577089
4.189082
-4.807642
-9.841204
-11.322162
-1.197448
-5.797413
-0.932350
-3.624386
-4.756370
-0.643432
-13.239760
4.707252
-8.746116
0.768237
-7.530533
-11.139447
-7.066836
-3.219213
-10.154933
2.664638
-7.326464
-3.910309
-8.159818
-4.162440
0.253555
0.877584
4.614795
-5.800874
-0.777270
-7.654727
-1.169185
-12.352075
-5.232386
1.850798
-7.375360
-5.096313
-2.576269
-2.560848
-8.950034
-4.448877
-1.227021
3.848808
-7.393672
-6.160764
-4.862423
-7.178227
1.367440
-3.294366
-2.205639
5.268652
1.585620
-1.666762
-10.945506
-5.715416
-7.788059
3.566815
-9.033792
-8.351163
-3.624218
7.943805
-16.923761
2.134269
-7.316907
-8.795604
-5.308769
-4.083666
-1.787490
-9.033944
-8.077161
-2.199279
-4.557844
-3.762611
-10.175475
-7.393659
-0.034734
-10.445412
-4.385623
-9.870527
-2.911526
-2.421141
-14.718878
-4.566447
-1.480194
0.033279
-2.291315
-4.617741
-4.126776
4.299590
-10.292073
2.831269
-7.998762
-8.592338
-10.828704
-9.142763
2.567488
-1.313084
-5.838332
2.160072
6.300680
-6.700782
-7.755031
-1.855881
-6.568753
-14.638676
10.581880
-9.886763
-16.387967
-4.006417
3.960506
-2.774068
-0.545760
-13.208972
-11.328391
-6.566350
0.168805
-3.299780
4.462796
4.661944
-4.440044
-3.045952
-5.666663
-8.349088
-4.067744
-2.374791
2.826049
-12.863339
6.865470
1.504696
-10.061253
-3.582500
0.952972
1.717301
-4.551718
-7.387475
-6.527985
-11.018370
-8.547716
3.006953
-0.947306
-9.910638
3.490341
-6.484139
-3.525321
-6.064777
-6.075385
0.267853
-3.413657
-0.094876
-4.585737
-12.636706
-6.708230
-6.691702
-8.363474
4.565588
-0.618173
-4.665950
-1.673351
-9.081908
-4.683784
-4.124567
-4.041529
-11.329099
-3.343568
2.899857
-14.925387
-7.017922
1.091923
-1.679369
-7.399268
5.706162
-6.054183
-5.818164
-5.782505
-8.508323
4.930529
-10.428901
-5.022651
-3.597402
-4.176218
1.707653
-3.255533
3.048972
0.811114
-1.502241
-2.894981
-7.586109
-6.017096
-3.396470
-0.491667
-4.974432
-9.829311
-5.997099
-12.917206
-5.868909
-13.883445
-6.537186
-4.877862
-1.941527
-10.735352
-0.372319
-0.736757
-1.811246
-13.446782
2.473625
-0.653430
1.708298
-3.909505
-1.468794
-4.925037
-12.268230
-7.592709
0.929033
-0.526441
5.167356
6.271161
-11.478275
-1.632062
-8.082097
-7.998980
5.001687
-8.308391
-2.239175
4.539012
-12.105476
-1.065206
-7.065519
-4.417787
-12.507157
-4.174059
-4.314824
-11.401680
-8.200559
-1.480660
-4.336363
-4.011930
-4.984193
-0.346925
5.505876
-8.561444
-5.965185
1.565520
-7.160779
-4.101155
0.358656
-7.630871
-3.076546
-3.494126
3.329827
8.656394
-3.513932
-2.086496
9.813149
5.032064
-2.675812
-3.674393
-8.045054
4.167677
1.381385
2.053323
-6.110346
-8.026316
2.669713
6.485831
-9.146361
5.970097
-9.500622
-2.147203
-6.466409
-2.863936
-11.522774
-6.025210
4.531262
-4.617139
3.270844
-10.148419
-4.565713
-7.472504
-5.681307
-3.782532
-6.200784
-2.460782
-12.042133
-3.052494
1.541785
-5.771390
-6.819326
-0.276287
-4.033831
-10.298524
-8.974252
-3.734668
1.455518
-10.466904
-11.435327
-2.446801
-1.826255
-7.322072
-13.402897
-4.899234
-7.889065
-0.682591
8.816445
1.300450
-8.660322
-6.624514
0.754092
-6.340349
5.170836
1.346947
-6.208511
-3.564635
-0.983127
-14.260068
1.224774
-4.022895
-3.096289
4.528005
3.470697
-2.749576
-2.956222
-9.128620
4.482411
-7.121591
-12.702300
-7.666471
-6.044183
-1.248932
-5.400063
-1.313459
-8.444775
-8.549371
1.691351
-7.701263
-5.127949
-10.351725
-4.262960
-1.546871
-9.194513
-1.436901
-3.417800
3.274813
4.709142
-7.769943
-7.014312
-12.137774
0.392666
-0.518151
5.145224
-8.190526
-3.720312
-11.148724
-5.580129
1.429756
-1.669929
4.163793
-0.296503
-6.107284
-2.642227
-2.384342
0.163115
-3.261507
-1.905395
3.362827
-6.429588
-11.289030
0.689430
0.849747
-5.234666
2.115170
-8.420680
-6.985625
-6.675572
-2.875627
-7.644293
-5.814062
4.457179
-5.227755
-7.601434
-13.116367
4.221619
-8.273577
-11.477359
-3.547006
-8.086947
-3.057630
-1.678045
0.588153
-10.359831
0.829901
-3.071643
5.134826
-5.082809
-2.107777
5.022349
-10.506348
-2.661361
-6.572524
-12.999163
-2.054635
-16.658360
-4.808321
-5.620620
-16.007706
0.928626
3.489394
-4.390905
-12.507193
4.407477
-11.572919
-4.587490
-0.192329
-6.685659
0.756486
-4.609776
-2.352029
-5.857793
4.293985
-10.943338
-2.771483
0.688207
-6.596966
-2.653683
-10.976500
6.144069
-1.979316
-4.176050
-3.348691
-2.648292
-5.428906
0.813014
-1.530518
-0.732073
-8.612488
-7.636623
-7.153310
-3.524010
-2.813489
-7.789032
-0.063633
0.364399
-9.719429
-0.689741
0.117077
0.793165
-8.924532
-0.445133
-0.630690
-9.294803
-3.660217
-11.431855
0.560663
-14.584338
-6.386391
0.394503
1.473650
0.202051
-3.000954
0.163767
-6.846314
-11.354599
-2.598186
5.421080
4.457626
-6.612493
3.333445
-7.793573
-1.327525
-7.139586
-3.725518
-0.492829
-11.684942
-9.403972
-5.611173
2.540588
-7.438867
-4.649834
7.099870
-5.503797
-0.217021
-4.369524
-10.331886
-4.285907
0.606298
5.078381
4.058062
-8.988130
-7.695803
0.306598
7.823432
-4.265249
-2.574826
-16.242011
2.735428
-6.077020
-6.737950
-2.053627
-3.055665
-0.542838
-4.157436
0.785108
-5.745776
-5.090188
-12.181600
1.011343
-5.328272
-5.656821
7.788204
-5.098460
-8.137734
-2.154152
-2.251868
-2.155368
-4.177347
-3.047878
-4.363315
2.169385
3.622518
-3.635705
-2.458206
-1.483688
3.189312
-4.078791
4.345530
-2.996458
-3.955120
-11.651097
5.306243
0.798193
-0.665157
-3.859849
4.329831
-9.767266
1.606763
-3.864677
-3.286515
-5.897376
-5.967026
-6.140985
1.981737
-6.218979
-4.712695
-11.819807
-10.556977
-8.994692
-7.704928
-3.743921
1.080467
-5.911528
-0.759849
-3.533803
-2.905276
-8.271168
4.603272
-5.673214
-7.011363
-3.634980
-4.919796
-0.338583
-6.746861
6.311232
-5.903406
-3.180866
4.433520
-1.590403
-9.682520
-1.014014
-1.802003
-4.224868
-2.905411
-9.908858
-9.715791
-11.598869
-5.312985
3.125594
0.034883
-8.966416
2.543729
-6.010387
-10.557965
-2.419240
-11.471920
1.001279
-9.448989
-10.100233
9.703155
-4.720894
-9.647228
-3.688607
-1.994779
-6.507509
7.742037
1.633290
-6.544903
2.215335
1.544338
1.652669
3.016761
-2.678613
2.406605
-4.071842
-5.272286
6.839384
2.704917
-6.447892
0.213366
1.640466
-5.681705
5.798277
-6.749583
-7.837164
-3.547009
2.569956
-8.482079
-18.313277
-0.578182
-12.042445
-13.848530
-1.886947
-4.341634
-1.408483
2.943515
-7.582095
-1.052106
-5.341021
-8.007316
6.057787
6.435222
-1.403308
-6.214158
-0.411987
-6.089157
0.249904
-5.809483
-9.761498
-6.187528
3.764714
5.287955
3.056181
-4.290816
-2.726124
1.381838
-2.661538
-1.472589
0.184712
-5.029601
-4.912584
-9.184299
-7.084333
2.769924
3.997931
-8.157615
-3.593664
-12.406698
-5.191138
5.734076
-3.798748
-8.524093
3.398186
4.487644
-2.529776
-7.323095
5.020483
-2.128215
-12.878785
-2.189474
-15.822318
-7.959083
-1.915643
5.319244
-12.255478
-7.446228
-6.279009
-2.182616
-2.321107
-10.585137
-3.688405
-5.366185
-0.307039
1.181214
-6.070997
5.957852
-6.429966
-7.527697
-9.422797
-4.189849
-13.406095
-6.893910
-8.626673
-0.372678
-5.811117
0.713845
-4.349223
-8.273650
-10.778870
-2.995540
-5.753889
-3.012908
-6.376094
2.600231
0.111760
-14.988452
3.419271
-8.200950
10.104781
-4.313657
-0.972289
-6.490237
-2.955841
-3.716085
2.567972
7.463222
-1.046295
4.136646
8.138416
-8.756649
-5.543890
-8.152067
5.739216
-7.217177
-4.747028
-2.225710
-8.680188
-5.466067
-14.961132
2.174183
7.304947
-6.717864
6.388221
-1.273006
-5.422583
-3.287094
4.874113
-13.939076
-3.798168
6.522094
0.825499
-2.936967
-0.863949
-6.563162
-5.997434
-7.228553
-9.620356
-5.234639
-2.472067
-5.210471
0.139863
-3.473413
-7.902822
-3.398531
4.931665
3.918604
-2.090339
-2.527081
-0.626686
-1.723987
2.325642
-4.366962
-1.240339
-13.320301
-9.281840
-3.028397
-5.787437
1.962199
-3.610012
-2.301482
-6.318871
-13.034905
4.593990
-3.513302
-9.320772
-6.870118
-3.366532
0.292812
-3.689449
-7.704707
-8.870971
-6.888162
-3.866432
-4.715790
-1.997487
-11.396189
-3.415734
-1.748546
-2.598384
-3.474696
-8.368772
-9.020057
-10.594604
-2.487083
-5.098712
-9.418102
-10.378568
0.311915
0.121875
-11.781817
-1.157461
3.348653
-3.160882
-0.797430
-11.826957
-5.776090
5.871386
1.681721
0.024884
7.432819
-2.020259
-3.694255
0.790810
4.269204
-7.166740
5.432568
-3.314848
2.448429
-4.690243
-6.438448
-4.221548
6.728527
-0.887479
-13.874539
-16.671123
2.150829
-6.231627
-9.934187
0.972548
3.186149
1.957472
-5.364327
-0.269448
-2.681933
-1.757229
-1.344889
5.070293
-8.404786
7.281697
-3.983224
-1.637587
5.786514
0.248215
2.084161
7.250618
-9.251375
6.921598
-3.900114
1.966650
4.982991
-6.836975
-9.366765
7.216779
1.116638
-5.000921
3.068361
0.170424
-2.194182
-5.054963
-2.898890
-4.349960
0.693549
-6.283991
0.104082
-0.857325
-0.625541
-0.907895
-8.077501
-6.330169
-3.786145
-7.299520
9.746682
7.177382
6.286887
0.639356
2.046490
-4.169997
-1.217285
-2.423417
-5.916200
-9.777667
-0.346122
-2.931140
-2.993580
-20.090681
-0.672075
-5.512816
-0.188586
-4.913816
-2.775326
-9.470830
-3.812203
-0.596939
3.024351
-4.867671
-6.259073
4.806186
1.053006
-7.901696
-13.435622
-0.295931
-0.015697
8.431168
-0.232109
0.553810
-0.782006
3.084134
1.772006
-9.047862
1.490517
1.938851
1.317251
-1.885553
0.141780
-8.066513
-8.618708
1.155728
-2.457169
1.276091
-7.011090
-10.742909
4.022840
-8.419251
-1.983032
-3.036391
-0.187908
-8.496930
0.795336
-4.342355
-1.277100
-10.889579
2.768723
-0.304039
-11.941482
3.162880
-4.613742
-12.802151
-8.118835
8.840259
-10.209727
-6.139953
2.581910
-0.999459
-10.471229
0.281214
-4.393300
4.188497
-9.126756
-6.575354
1.009984
-2.705838
-11.208683
4.690392
-4.248545
-4.792053
-12.221924
7.451391
-2.376667
-2.407155
-4.879904
-8.898862
1.687635
-11.935105
-3.897024
-5.151744
7.021393
-6.200833
-8.773682
-1.898946
-2.885433
-5.383343
-7.235275
-5.836390
-10.395686
-8.829473
-9.156525
-14.122215
-2.591737
-7.136508
-4.536446
-5.083362
-4.408836
5.015738
1.046796
-5.852948
-6.130337
-2.886101
-7.667250
-9.189743
8.900518
-3.691859
4.270148
-1.636168
-1.597525
-5.946103
-10.835057
-5.270684
-5.105226
-1.215054
2.075770
-1.500801
-2.517894
-3.502385
2.762613
-3.178092
-12.367973
3.599333
1.205905
-3.875460
-1.832419
-13.212583
-11.240106
-8.320523
-7.477018
0.299634
4.805348
-9.364062
-8.896421
-4.666384
8.242447
-6.156458
0.106548
6.809756
0.667289
-4.330200
-10.191871
3.455318
-5.625881
-3.243643
-17.733198
2.776236
-0.972675
-8.064209
-2.293609
-9.059334
-10.537805
-0.876006
5.518257
-1.904137
-4.666790
-3.251435
9.150562
5.917139
-9.428712
-7.634901
-4.978603
3.753577
-1.793550
-13.594834
-3.628465
1.452430
0.886264
-3.294776
-8.246251
-2.871637
-5.549378
-10.930238
-8.711079
1.052842
-9.585433
