1
1
1
1
1
1
1
1
1
1
1
1
1
1
1
1
1
1
1
1
1
1
1
1
1
1
1
1
1
1
1
1
1
1
1
1
1
1
1
1
1
1
1
1
1
1
1
1
1
1
1
1
1
1
1
1
1
1
1
1
1
1
1
1
1
1
1
1
1
1
1
1
1
1
1
1
1
1
1
1
1
1
1
1
1
1
1
1
1
1
1
1
1
1
1
1
1
1
1
1
1
1
1
1
1
1
1
1
1
1
1
1
1
1
1
1
1
1
1
1
1
1
1
1
1
1
1
1
1
1
1
1
1
1
1
1
1
1
1
1
1
1
1
1
1
1
1
1
1
1
1
1
1
1
1
1
1
1
1
1
1
1
1
0.97721344
0.8798832
0.9807403
0.64026195
0.5348821
0.9984874
0.5524432
0.9879276
0.73499215
0.9051436
0.88161135
0.8348252
0.9374839
0.9746822
0.9974177
0.9031564
0.9802328
0.95578176
0.93384415
0.9485705
0.95964086
0.99740565
0.6116564
0.68583345
0.8720493
0.66170317
0.94419974
0.42402372
0.98581004
0.73309183
0.54018867
0.9647543
0.64363456
0.976716
0.9687447
0.96948725
0.69970053
0.99943924
0.96872675
0.6726848
0.50720865
0.8427565
0.989728
0.9602666
0.5799829
0.7322422
0.9658207
0.9228937
0.7265606
0.9954537
0.97323394
0.9989635
0.6013775
0.6413212
0.46011618
0.8669989
0.5250198
0.9523428
0.99973655
0.9864038
0.9381575
0.9998856
0.9996218
0.91466415
0.76111615
0.75497305
0.97830594
0.89027095
0.55085295
0.99276835
0.52947956
0.64174116
0.82606554
0.9200042
0.54318804
0.9022206
0.9560023
0.7095424
0.59942466
0.9869302
0.96154565
0.97666967
0.7439684
0.875726
0.80645186
0.48455063
0.99995756
0.7243998
0.6385626
0.6145858
0.92187643
0.74113977
0.9835649
0.71960926
0.72994673
0.79663134
0.975407
0.80430984
0.9736173
0.9650852
0.7976641
0.8921752
0.99141127
0.94252074
0.9990118
0.9989315
0.97323537
0.9696829
0.99896914
0.8934195
0.91179335
0.9994097
0.994997
0.9650226
0.9990329
0.9835625
0.9985273
0.9956822
0.9856955
0.9012127
0.9976355
0.99856055
0.9903652
0.9897563
0.97842693
0.99602336
0.8759541
0.989947
0.98984027
0.99410236
0.99990946
0.932691
0.9974901
0.8948689
0.9671309
0.9990591
0.9650723
0.96710217
0.99797916
0.92630965
0.9703059
0.9711482
0.98771745
0.95870703
0.95602435
0.9997879
0.71236414
0.99714017
0.9932932
0.99463606
0.99933124
0.985543
0.99300677
0.9960365
0.99331343
0.972016
0.99267066
0.99525666
0.9937028
0.8229593
0.9953557
0.99799496
0.9407077
0.93859917
0.99102104
0.994997
0.9820247
0.9796711
0.9817228
0.99534786
0.9955387
0.9938776
0.9939863
0.99389875
0.9832483
0.99866486
0.9831521
0.99786687
0.9932357
0.9612439
0.9987006
0.99875164
0.99025464
0.9933494
0.99967206
0.9778994
0.9051887
0.9906266
0.9815891
0.9762703
0.9991214
0.9974451
0.99614894
0.9746983
0.9562467
0.98394996
0.94354063
0.99968505
0.8359497
0.93822527
0.9514833
0.9954266
0.95831895
0.9877216
0.99997985
0.9997622
0.98122644
0.9932924
0.9993774
0.88989305
0.99984235
0.8602485
0.99572897
0.97778946
0.9988626
0.97409534
0.9764875
0.9874755
0.9890182
0.9986647
0.839287
0.9984249
0.997119
0.99940926
0.9807743
0.9766782
0.9853594
0.99657357
0.9967004
0.9901522
0.99499905
0.8885783
0.81332755
0.9966539
0.99913883
0.99967355
0.63870233
0.96839696
0.9772458
0.9931445
0.99826443
0.9984635
0.77334774
0.9943113
0.98245245
0.9978454
0.99995005
0.9920398
0.9995568
0.6321699
0.9567635
0.9985105
0.9953079
0.9914044
0.97051024
0.9803507
0.99895525
0.99207383
0.96599543
0.97379816
0.9987715
0.95222723
0.9880341
0.98453516
0.9464901
0.9894772
0.991107
0.5900805
0.9972357
0.9984805
0.9888794
0.9978329
0.9992936
0.8442977
0.9592965
0.9817248
0.9803963
0.8585814
0.9937967
0.99970603
0.99527884
0.9834488
0.9997312
0.98043734
0.9307374
0.9835649
0.969218
0.9197796
0.9538822
0.9995641
0.9462243
0.99985737
0.9982725
0.8953476
0.9859558
0.9932386
0.9524374
0.97010094
0.9991242
0.9796714
0.9987462
0.935495
0.991717
0.9947764
0.98756003
0.9653871
0.94424176
0.9989454
0.8165073
0.96618444
0.6561755
0.9254089
0.90378
0.9956162
0.9969492
0.9169663
0.9586322
0.95273274
0.98371375
0.96993333
0.9970537
0.99640965
0.98857415
0.9874022
0.99113274
0.9983226
0.9828986
0.92769974
0.9447317
0.99501425
0.99923754
0.9671332
0.9752154
0.9138937
0.99870163
0.9993698
0.99920756
0.99554867
0.9557976
0.993323
0.9876303
0.8679481
0.99974453
0.99076974
0.97263944
0.93997
0.99360776
0.9998099
0.9941857
0.9667436
0.9980797
0.9960135
0.9232208
0.9956659
0.99693805
0.9886532
0.9847521
0.9689025
0.99711794
0.9971742
0.9875462
0.9886886
0.99207217
0.997841
0.9915584
0.40382415
0.9574887
0.99824166
0.9991226
0.9987557
0.9992032
0.96301615
0.9990342
0.99956304
0.9886751
0.99813694
0.99895394
0.9791075
0.98195976
0.974207
0.97046804
0.9967599
0.9981171
0.999252
0.9952732
0.99857736
0.9972367
0.99088764
0.9917274
0.99688786
0.9972101
0.9947238
0.98667556
0.9969588
0.96090895
0.90343964
0.9999664
0.9937685
0.9960161
0.97061306
0.98100674
0.952833
0.9994496
0.89647824
0.9742118
0.99372244
0.9998219
0.9137621
0.98945296
0.9946732
0.9768466
0.9599912
0.9918629
0.99366504
0.9980675
0.9492224
0.99283785
0.9664842
0.89250815
0.9707638
0.99370646
0.9522897
0.80469114
0.9574632
0.9984476
0.99186957
0.9905466
0.9546381
0.9987162
0.9968227
0.9905172
0.9984208
0.9929747
0.9974475
0.98588574
0.98492116
0.9396556
0.99453956
0.998016
0.99657303
0.7087976
0.9843646
0.99914694
0.999904
0.9989194
0.99397874
0.88313794
0.8940843
0.9952423
0.99858904
0.9519854
0.9928723
0.9814372
0.96053433
0.7768965
0.53850156
0.622717
0.9959909
0.9975324
0.9332684
0.9719765
0.81198174
0.99961185
0.9987554
0.91087145
0.9407077
0.9984959
0.66563123
0.96832687
0.9964644
0.9352144
0.9874463
0.998203
0.9955387
0.9662395
0.998777
0.99861485
0.9892548
0.99603844
0.8864799
0.9990856
0.99633694
0.9914093
0.99473506
0.99605244
0.8350556
0.9281802
0.7191061
0.9713565
0.9887464
0.99694484
0.9212841
0.993575
0.9817225
0.9906631
0.9956875
0.970593
0.9899288
0.999767
0.9964528
0.99067944
0.93667555
0.9988768
0.99772006
0.9997862
0.7872326
0.99706507
0.99393374
0.9938527
0.9985022
0.8795101
0.9261711
0.955458
0.9980772
0.9974365
0.89897865
0.9893077
0.9949955
0.9785308
0.9977422
0.99299705
0.69222796
0.85230166
0.9817225
0.9314228
0.96924883
0.99722433
0.9873158
0.97753
0.986358
0.9810086
0.992903
0.99590737
0.98048794
0.97453505
0.99512845
0.71640575
0.810463
0.99634665
0.8847312
0.65823513
0.9687818
0.9810725
0.9952549
0.9936633
0.7244154
0.95641536
0.9977596
0.97135717
0.9978528
0.9997767
0.9450331
0.983923
0.92849874
0.9545638
0.99282074
0.9621281
0.9515371
0.99250203
0.91534245
0.99920076
0.9091424
0.99700767
0.9988765
0.97577816
0.96126014
0.98084664
0.9734799
0.99928576
0.995134
0.9642417
0.99696237
0.9080065
0.9806022
0.97302383
0.92734575
0.96498215
0.82460874
0.99803585
0.9656214
0.97285694
0.9922712
0.99586457
0.97955936
0.98527354
0.96689665
0.96816665
0.8772103
0.9996425
0.97250265
0.93202925
0.9993667
0.9614536
0.8259934
0.71480584
0.9542502
0.99823225
0.99310464
0.9649889
0.9951605
0.9906904
0.9864225
0.999696
0.90124416
0.97770053
0.93708545
0.9998753
0.98892856
0.96226096
0.68390757
0.9433601
0.9757617
0.9989758
0.99774474
0.9934532
0.9968086
0.8953476
0.8671721
0.8423652
0.999252
0.85243195
0.9938736
0.98371845
0.98873895
0.99828726
0.9540009
0.9863973
0.9982601
0.9959909
0.96057963
0.97764957
0.9951205
0.9977477
0.9680236
0.8815178
0.9811292
0.89312696
0.9960827
0.99396366
0.9860722
0.9996414
0.8960801
0.99977183
0.9696115
0.9718924
0.9988306
0.9890113
0.995753
0.97397906
0.86205935
0.8245401
0.9998592
0.9845034
0.91692555
0.99513775
0.9978501
0.98257005
0.9620521
0.97317
0.9995036
0.99985737
0.99232566
0.87550896
0.97628766
0.9995461
0.99828726
0.86634487
0.97653145
0.9995442
0.99723226
0.97276086
0.99423087
0.9822334
0.99894077
0.9947654
0.9609714
0.98172873
0.9925718
0.9652318
0.9995812
0.98111826
0.9953544
0.9969627
0.98933387
0.6404435
0.99527353
0.93758005
0.9982438
0.9974187
0.8259227
0.9997348
0.99529916
0.9993661
0.9910296
0.9500006
0.7909738
0.95869964
0.9851376
0.997749
0.8684364
0.9984477
0.92125857
0.9769772
0.879429
0.9935019
0.99113286
0.9953012
0.9919176
0.9844985
0.9982812
0.99738526
0.9915618
0.98944485
0.9706698
0.99493814
0.9539121
0.9944117
0.958988
0.83273697
0.798298
0.9945823
0.9993365
0.99086416
0.94707155
0.98624027
0.9917191
0.9991501
0.99394184
0.5845741
0.9636219
0.99191844
0.83396685
0.99764025
0.9734368
0.9867376
0.8746166
0.99919564
0.94803387
0.9982044
0.99960977
0.9647539
0.99738675
0.89869
0.99604106
0.9928571
0.94406235
0.9881475
0.98752004
0.9993954
0.99319214
0.9782455
0.9231727
0.83652806
0.9919985
0.9698006
0.8631763
0.98626107
0.9967313
0.98451555
0.9983078
0.99640715
0.9965896
0.9877336
0.9988225
0.9946324
0.9091453
0.9967295
0.9919396
0.9953469
0.9995403
0.99489725
0.9985362
0.9709714
0.97031045
0.9242329
0.9247436
0.99424005
0.9986425
0.9980018
0.98642087
0.99847746
0.9905121
0.9635104
0.99888
0.92562133
0.9665316
0.9789693
0.9716264
0.9906568
0.99455166
0.98528206
0.9982635
0.98832357
0.991248
0.97793496
0.913256
0.76132256
0.9985166
0.9114491
0.96340424
0.99215776
0.99881995
0.99812776
0.9991088
0.9289661
0.97942096
0.99701846
0.9904282
0.9955531
0.9882759
0.98198235
0.96158797
0.9797447
0.9779653
0.9803522
0.9401791
0.9916892
0.9826217
0.93479586
0.9731605
0.994247
0.99960566
0.9866713
0.9958608
0.8548133
0.98993546
0.99593174
0.77154166
0.9919099
0.99510205
0.9926577
0.9903633
0.9850202
0.9229881
0.99618435
0.99094915
0.9977928
0.9851752
0.994278
0.80990845
0.9993018
0.999444
0.88072485
0.97745717
0.97486895
0.9944022
0.99899346
0.9970476
0.8546254
0.9986902
0.891983
0.9729369
0.8513739
0.94094217
0.99855727
0.9384223
0.9889587
0.99497926
0.9739045
0.80265546
0.9991761
0.8065357
0.9980106
0.41700733
0.9413105
0.9955028
0.83668005
0.8018013
0.97236305
0.96151423
0.9613075
0.92352676
0.9866182
0.96188366
0.999939
0.9991412
0.98668855
0.99933493
0.99078035
0.99593675
0.9913214
0.9976382
0.9887177
0.9973874
0.9956068
0.55926293
0.95906943
0.9966925
0.9448218
0.9852224
0.9530958
0.9413527
0.8501908
0.9628906
0.9987733
0.9403606
0.98828584
0.9579206
0.99257517
0.95876616
0.9949372
0.9522502
0.993864
0.9992316
0.9921818
0.9202067
0.95146954
0.7988412
0.9964103
0.7071065
0.9885231
0.9869021
0.99940586
0.98570096
0.99175096
0.7175268
0.9205052
0.9997436
0.9840611
0.99647444
0.99743366
0.9993257
0.997963
0.9890603
0.9990202
0.9267972
0.99534124
0.9510251
0.98842096
0.9561907
0.99166155
0.99309504
0.99862593
0.9790642
0.9982197
0.96993583
0.98705924
0.99963135
0.9981231
0.9913918
0.9920855
0.9937172
0.99657863
0.9393174
0.9993314
0.98293304
0.99579245
0.9829549
0.9852162
0.94009054
0.9946304
0.93907964
0.98531574
0.9990851
0.9990537
0.9955362
0.99633443
0.976677
0.99010885
0.9955637
0.99799496
0.99933285
0.9884744
0.905881
0.99973136
0.99055165
0.99572986
0.63845116
0.99372184
0.97292244
0.89062965
0.7226448
0.99856293
0.92019355
0.530785
0.9910154
0.9908436
0.97893745
0.9316126
0.9982191
0.8852703
0.9791804
0.8164569
0.99314344
0.99948055
0.97402114
0.99823385
0.9497301
0.99648935
0.99360764
0.9822135
0.9988535
0.97846204
0.9992885
0.7175762
0.9817256
0.9992917
0.9388923
0.99320877
0.9986425
0.9982875
0.9962238
0.9951851
0.99444103
0.9961777
0.989205
0.93248016
0.99706346
0.9925084
0.9469285
0.49024877
0.94785273
0.9971023
0.9991181
0.9669494
0.66557044
0.99429643
0.9972752
0.9825582
0.9978382
0.9976594
0.99933416
0.9950646
0.7460892
0.9932825
0.981543
0.99800295
0.9991915
0.9908359
0.98910195
0.99409616
0.9965016
0.9736968
0.9847967
0.99563724
0.90711826
0.9982623
0.99443024
0.6257797
0.99408203
0.9613811
0.9631233
0.9092786
0.9663892
0.66766316
0.99865645
0.9995199
0.99725664
0.97863466
0.98185015
0.9868013
0.9931569
0.99292284
0.9054543
0.99579984
0.99758744
0.9923142
0.98923314
0.99054307
0.5892639
0.9812981
0.97950613
0.9956258
0.9984888
0.99977183
0.9975451
0.9969281
0.9967795
0.89269763
0.99427974
0.84945637
0.9859743
0.9997528
0.9949869
0.9882206
0.94454616
0.9826205
0.9989083
0.9938663
0.9970166
0.9987298
0.9988537
0.99528694
0.94328964
0.9977693
0.99903184
0.9010645
0.9835183
0.9980137
0.9990328
0.9524374
0.7875168
0.60601693
0.9985403
0.99847895
0.96443254
0.9871192
0.8951167
0.93285227
0.9990748
0.9889242
0.996125
0.98694175
0.9425073
0.9871979
0.9706373
0.99888337
0.99321526
0.9910817
0.9857451
0.9694283
0.9771491
0.9834383
0.98214096
0.9974551
0.9999799
0.96204215
0.9779532
0.83363867
0.8556685
0.97479963
0.9928568
0.99998283
0.62379485
0.98768437
0.99229616
0.81944346
0.65636045
0.98655164
0.96973723
0.99053454
0.9958672
0.95363647
0.98399633
0.9752118
0.9947354
0.99343944
0.99321216
0.9965317
0.9967408
0.9609071
0.98472345
0.97219545
0.99383605
0.98769677
0.98618424
0.86174417
0.84567773
0.9955043
0.99906874
0.98272187
0.99137634
0.91182464
0.9843496
0.879429
0.70826596
0.9945056
0.95860696
0.9991486
0.98854667
0.990785
0.9218649
0.99046034
0.9976564
0.46453342
0.9927178
0.9990164
0.9970448
0.98133415
0.9932458
0.90271467
0.95870054
0.99453807
0.9972475
0.91491956
0.999502
0.88140917
0.9994771
0.99013114
0.97432715
0.9834188
0.9977709
0.99393696
0.998163
0.9053539
0.9798024
0.9975634
0.8367814
0.75255173
0.972398
0.98535573
0.99853235
0.8832975
0.99621046
0.991127
0.9930468
0.9832308
0.9969812
0.9887235
0.98671126
0.95241445
0.9930418
0.9842075
0.9851563
0.82606554
0.95423925
0.9910817
0.9860666
0.9698006
0.9966225
0.9772049
0.99733806
0.9987695
0.9417287
0.98167735
0.99958396
0.85992694
0.9695644
0.9959705
0.98750037
0.975865
0.9993773
0.9284607
0.9871192
0.9946749
0.9994307
0.9950152
0.707919
0.9888648
0.9998317
0.9919477
0.92414594
0.9484511
0.9887069
0.99860567
0.99343175
0.9787507
0.9996783
0.8611164
0.98179793
0.7980938
0.9997609
0.85296255
0.9967977
0.9926227
0.9883229
0.99951786
0.96179396
0.99863845
0.9781242
0.9994181
0.9749883
0.5756712
0.998483
0.9802447
0.9875474
0.9970114
0.97742784
0.9515433
0.9970796
0.9797765
0.9359156
0.8400454
0.99448746
0.99254364
0.9989957
0.99486005
0.596912
0.98782176
0.9938678
0.99537915
0.9968967
0.9946553
0.9995774
0.99871933
0.99921036
0.62989086
0.9374102
0.8527113
0.4266021
0.9926251
0.57105035
0.9985451
0.9680218
0.9898742
0.70565027
0.9428549
0.9977081
0.5939228
0.9963791
0.9118535
0.9998274
0.999485
0.9879509
0.99556434
0.9940601
0.9990634
0.95185614
0.97847503
0.677892
0.9964188
0.9979341
0.9928773
0.9987564
0.7894257
0.7760582
0.9966363
0.998476
0.90989685
0.99857455
0.99525476
0.9302137
0.99927723
0.9976136
0.9728694
0.9717466
0.942681
0.99223095
0.99836814
0.990253
0.980361
0.8776648
0.933926
0.99487144
0.9973428
0.92019355
0.98747915
0.8914521
0.9803528
0.99146575
0.98212904
0.9559455
0.99879336
0.9655548
0.9942183
0.99420494
0.98707044
0.9785114
0.9620146
0.9872928
0.63263637
0.9502805
0.9942919
0.99328494
0.9635924
0.989136
0.81498516
0.9980505
0.9961193
0.99561226
0.98993546
0.8261479
0.9888547
0.8232781
0.9594458
0.9999242
0.9832803
0.9915306
0.9960006
0.99920297
0.9861128
0.9870322
0.9951843
0.97322154
0.940125
0.99855345
0.9470415
0.99620646
0.98353165
0.9902704
0.9647847
0.99613404
0.76702493
0.98565173
0.9930011
0.9847345
0.99856484
0.9710565
0.99817497
0.9732834
0.99802357
0.994116
0.9315168
0.9983731
0.9316766
0.99863875
0.88967824
0.9986529
0.99873126
0.99389064
0.84663063
0.9989604
0.76311916
0.9931963
0.98140967
0.9606334
0.99261
0.99724895
0.97664917
0.98556703
0.86146444
0.8436307
0.9038021
0.9715082
0.95327955
0.8167742
0.98165256
0.99300355
0.9811442
0.9990593
0.97031057
0.97032845
0.952201
0.999691
0.99980825
0.859647
0.9966225
0.9922806
0.9818922
0.99731296
0.9436012
0.9262736
0.9633769
0.9913668
0.9882603
0.9708318
0.95805764
0.97626543
0.91712123
0.9878053
0.96305025
0.9964587
0.99466157
0.9797988
0.9913509
0.61465293
0.99256295
0.9974393
0.97419983
0.9795095
0.9982077
0.99977535
0.9374485
0.92027265
0.9918517
0.98224866
0.9990557
0.98937523
0.995516
0.9637369
0.95575297
0.9958312
0.9902051
0.9739594
0.9998565
0.9643226
0.94708395
0.9184784
0.9900982
0.99628574
0.60976964
0.99985003
0.9997118
0.98079187
0.9707102
0.95736325
0.9991942
0.99000806
0.9271728
0.98017675
0.9930478
0.99480325
0.99530363
0.996003
0.9970486
0.9462243
0.9741608
0.9934659
0.99871695
0.99622667
0.9965537
0.9989199
0.9402546
0.99408257
0.9939967
0.99123794
0.9819574
0.9057332
0.9953469
0.99524814
0.9660522
0.9926823
0.97550565
0.9969556
0.9781874
0.9960522
0.9963933
0.874087
0.8388844
0.99918205
0.9973893
0.9929592
0.9819715
0.9942778
0.9876804
0.9939817
0.99769056
0.9593351
0.998148
0.99946386
0.99822927
0.9719989
0.9586991
0.9952203
0.9876572
0.9708334
0.9563046
0.8484308
0.9734821
0.991598
0.8991998
0.996466
0.9940425
0.99972355
0.9816477
0.99667245
0.9991236
0.9985749
0.9955155
0.91873217
0.9996347
0.99542797
0.99274874
0.9741264
0.97106355
0.9957147
0.9855283
0.99398243
0.9979624
0.9623086
0.9397774
0.9318829
0.9710686
0.9399859
0.9978822
0.9545946
0.9939517
0.9893601
0.9886547
0.9991048
0.99970424
0.9095368
0.5499208
0.9981889
0.9550514
0.79323775
0.98739
0.99239254
0.9434967
0.9870033
0.54318446
0.99959797
0.9975104
0.99657
0.9590209
0.9992385
0.969044
0.98684096
0.8555767
0.9857302
0.99885947
0.99922484
0.98658735
0.9907652
0.98392516
0.9062291
0.99243456
0.9991729
0.9870913
0.99675393
0.9586564
0.8914521
0.9933743
0.9524374
0.698564
0.8963572
0.99976116
0.845469
0.9748692
0.99996203
0.9899278
0.9697173
0.99326855
0.99508774
0.9967077
0.9992042
0.9992696
0.9885843
0.9975777
0.99601436
0.95533067
0.7255422
0.8975815
0.7284727
0.99671984
0.99997085
0.97384655
0.9484221
0.93312484
0.8795292
0.998635
0.9900982
0.999508
0.5981943
0.9321768
0.9842799
0.99770415
0.9679317
0.9981234
0.94523144
0.97371775
0.9560775
0.98867255
0.9921661
0.9940878
0.99934804
0.9972926
0.99721843
0.99157965
0.9705155
0.9990078
0.96370316
0.99876344
0.9986018
0.9929796
0.99950296
0.99979883
0.9894106
0.99543536
0.93333656
0.99463063
0.8381445
0.9968552
0.9886549
0.93885505
0.5207283
0.999696
0.9994494
0.9970263
0.9596254
0.9955819
0.99325573
0.8917288
0.9924593
0.8220959
0.9642443
0.70940334
0.9862416
0.9413024
0.91360146
0.99133015
0.9976743
0.9957764
0.99792457
0.846137
0.9975746
0.75967866
0.9794431
0.9908359
0.8006986
0.9956523
0.97798014
0.85052294
0.9909701
0.99161184
0.99447227
0.8583988
0.9659038
0.99836844
0.99824554
0.9387317
0.9957532
0.999753
0.9931582
0.99247533
0.46327817
0.9929385
0.9955544
0.9977167
0.999534
0.8782325
0.98381793
0.9991944
0.9360516
0.99715227
0.9960326
0.99878407
0.9506254
0.99619406
0.9903397
0.82568717
0.8174639
0.99780476
0.5805523
0.8453579
0.9935427
0.9980963
0.9644567
0.9974829
0.9684414
0.9785236
0.9975871
0.9871669
0.99707603
0.9974038
0.9922555
0.9983842
0.99964386
0.98801816
0.889305
0.9879623
0.4157748
0.999118
0.8329777
0.9991418
0.9894682
0.5518494
0.93464047
0.97088534
0.9557237
0.9987714
0.9524374
0.7333729
0.931463
0.9752933
0.99477434
0.9964698
0.9784406
0.99736434
0.991525
0.9858637
0.9448214
0.9978994
0.78384894
0.99965495
0.9827673
0.9985765
0.9726008
0.9659038
0.9925068
0.9982118
0.85798526
0.9874851
0.9904378
0.9976736
0.998596
0.9840757
0.98588574
0.97847027
0.9439907
0.9924517
0.9897851
0.998159
0.9980088
0.9289262
0.88067865
0.9963473
0.99462354
0.9518055
0.9947518
0.9902591
0.9993069
0.99442285
0.9979852
0.9995295
0.8992929
0.9995998
0.9921716
0.9192648
0.9970359
0.9775413
0.97361666
0.9821526
0.9963331
0.9993149
0.9920397
0.93987954
0.98716533
0.99747175
0.99514693
0.99970806
0.9271853
0.9996933
0.91123027
0.8620916
0.9807914
0.99593174
0.9970986
0.9990559
0.9661501
0.99929905
0.9891136
0.9967982
0.9982044
0.98964643
0.9825267
0.99997663
0.9078449
0.9778651
0.9971196
0.95215726
0.7195447
0.8482415
0.99954706
0.9980088
0.9674404
0.5674637
0.85330576
0.99888766
0.9893077
0.983269
0.8653904
0.99256706
0.99619967
0.84519327
0.99664676
0.9996998
0.9211289
0.9928567
0.95568025
0.77990276
0.95578176
0.9876798
0.9971188
0.9897429
0.99933916
0.9951531
0.9983589
0.9979361
0.9942882
0.9999319
0.99598485
0.87633294
0.99807215
0.99202174
0.99865216
0.9708864
0.9960805
0.996988
0.9965297
0.92948943
