9.212924606462303245e+01
9.937862468931234616e+01
9.304059652029826566e+01
9.879867439933720163e+01
9.295774647887323283e+01
9.446975973487987233e+01
9.716238608119303422e+01
9.949254349627175031e+01
9.880903065451532541e+01
9.988608119304059585e+01
8.642294946147472956e+01
9.075186412593205887e+01
8.956089478044738428e+01
9.931648715824357510e+01
8.666114333057166164e+01
9.837406793703397057e+01
9.509113504556752616e+01
9.975144987572494415e+01
9.894366197183099132e+01
7.417149958574978541e+01
9.903686826843413371e+01
9.989643744821871962e+01
9.992750621375310516e+01
9.035832642916321333e+01
9.730737365368682390e+01
