9.949282828282828284e-01
9.240171717171716814e-01
9.877772727272727815e-01
9.891999999999999682e-01
9.409666666666666179e-01
9.797535353535353764e-01
9.862191919191919398e-01
9.606606060606061037e-01
9.755939393939393467e-01
9.411707070707071576e-01
9.705858585858585519e-01
9.768696969696969434e-01
9.811898989898990564e-01
9.868444444444444130e-01
9.872080808080808678e-01
9.864262626262626510e-01
9.878929292929293782e-01
9.744141414141412882e-01
9.513262626262626309e-01
9.783090909090909060e-01
9.279752525252525919e-01
9.700787878787878737e-01
9.754474747474747298e-01
9.891313131313131946e-01
9.883181818181817624e-01
9.654969696969697424e-01
9.648141414141415684e-01
9.815101010101009438e-01
9.828000000000000069e-01
8.820777777777777384e-01
9.870525252525251814e-01
9.248424242424242436e-01
9.801121212121212123e-01
9.707848484848482506e-01
9.861666666666667469e-01
9.822338383838384868e-01
9.808045454545454289e-01
9.823737373737373435e-01
9.694979797979798031e-01
9.828131313131313052e-01
9.874626262626262641e-01
9.883010101010101245e-01
9.753313131313131601e-01
9.026232323232322718e-01
8.869868686868688235e-01
9.836555555555556163e-01
9.892090909090908157e-01
9.436141414141414607e-01
9.807212121212122158e-01
9.887939393939394472e-01
9.801484848484848245e-01
9.463434343434342644e-01
9.877646464646464564e-01
9.818858585858585286e-01
9.898090909090908607e-01
9.839575757575758086e-01
9.834207070707071674e-01
9.523717171717170915e-01
9.877757575757576403e-01
9.712015151515150935e-01
9.051555555555554911e-01
9.728232323232323120e-01
9.839383838383838343e-01
8.628606060606061057e-01
9.832303030303030100e-01
9.818060606060605711e-01
9.620777777777778095e-01
8.235909090909090402e-01
9.765636363636364115e-01
9.746616161616161733e-01
9.777580808080807984e-01
9.806161616161617189e-01
9.194909090909091365e-01
9.652454545454545176e-01
9.579585858585858427e-01
9.765212121212120122e-01
9.578277777777777224e-01
9.796484848484847685e-01
9.837813131313131176e-01
9.476181818181819150e-01
9.413813131313130134e-01
9.867222222222222783e-01
9.539151515151514937e-01
9.742378787878787083e-01
9.866414141414141525e-01
9.384252525252525512e-01
9.607171717171716363e-01
9.760616161616161301e-01
9.843484848484849170e-01
9.596474747474748046e-01
9.293141414141413703e-01
9.627040404040403399e-01
