9.959398989898989862e-01
9.124904040404040462e-01
9.813222222222224289e-01
9.885494949494948447e-01
9.456242424242422562e-01
9.682272727272727142e-01
9.628747474747475499e-01
9.542454545454543968e-01
9.715858585858586638e-01
9.289171717171718079e-01
9.669338383838382844e-01
9.780979797979797441e-01
9.708176767676768293e-01
9.958737373737373000e-01
9.862570707070706932e-01
9.718661616161617944e-01
9.763671717171716891e-01
9.729464646464647259e-01
9.472040404040403816e-01
9.535313131313130075e-01
9.073217171717170570e-01
9.640055555555555600e-01
9.640363636363633582e-01
9.842944444444443608e-01
9.671848484848483141e-01
9.662232323232321507e-01
9.266545454545455085e-01
9.651393939393939636e-01
9.762060606060605217e-01
7.238702020202020249e-01
9.884247474747475115e-01
9.343939393939394433e-01
9.847646464646464537e-01
9.728030303030305026e-01
9.600934343434344154e-01
9.587585858585859766e-01
9.662181818181818649e-01
9.673924242424242204e-01
9.605959595959595587e-01
9.889060606060606773e-01
9.891393939393938739e-01
9.903585858585858270e-01
9.763227272727275086e-01
8.892005050505049635e-01
6.990909090909089851e-01
9.920550505050504952e-01
9.878459595959594441e-01
9.137747474747474064e-01
9.730404040404039279e-01
9.753449494949494314e-01
9.715717171717171974e-01
9.597474747474746826e-01
9.733868686868686337e-01
9.879808080808081261e-01
9.986303030303032013e-01
9.944570707070707893e-01
9.542287878787879540e-01
9.181924242424241989e-01
9.888924242424241839e-01
9.589808080808081003e-01
8.160883838383837796e-01
9.635838383838383203e-01
9.861055555555556795e-01
7.979939393939394776e-01
9.852444444444444782e-01
9.814126262626262642e-01
9.236156565656564732e-01
7.273045454545454813e-01
9.644833333333332481e-01
9.753121212121211858e-01
9.484909090909091622e-01
9.561530303030303379e-01
8.585186868686868200e-01
9.326101010101011113e-01
8.196404040404039471e-01
9.853969696969695491e-01
9.621762626262627682e-01
9.687292929292929955e-01
9.686459595959595603e-01
8.855646464646466098e-01
8.908585858585857942e-01
9.715868686868687210e-01
8.994893939393937554e-01
9.593176767676767636e-01
9.649575757575756807e-01
8.873464646464646055e-01
9.598888888888887916e-01
9.751393939393939725e-01
9.782853535353535079e-01
9.699803030303031370e-01
8.820131313131314155e-01
9.268272727272727218e-01
