0.000000000000000000e+00
0.000000000000000000e+00
0.000000000000000000e+00
0.000000000000000000e+00
2.999999999999999889e-02
0.000000000000000000e+00
0.000000000000000000e+00
0.000000000000000000e+00
0.000000000000000000e+00
0.000000000000000000e+00
0.000000000000000000e+00
1.000000000000000048e-04
0.000000000000000000e+00
0.000000000000000000e+00
3.400000000000000244e-02
0.000000000000000000e+00
0.000000000000000000e+00
0.000000000000000000e+00
0.000000000000000000e+00
0.000000000000000000e+00
0.000000000000000000e+00
0.000000000000000000e+00
0.000000000000000000e+00
2.800000000000000058e-02
5.700000000000000205e-02
6.800000000000000488e-02
8.599999999999999312e-02
0.000000000000000000e+00
0.000000000000000000e+00
0.000000000000000000e+00
6.700000000000000400e-02
0.000000000000000000e+00
3.799999999999999906e-02
0.000000000000000000e+00
0.000000000000000000e+00
8.300000000000000433e-02
1.000000000000000048e-04
0.000000000000000000e+00
0.000000000000000000e+00
0.000000000000000000e+00
2.500000000000000139e-02
0.000000000000000000e+00
0.000000000000000000e+00
0.000000000000000000e+00
0.000000000000000000e+00
0.000000000000000000e+00
1.000000000000000048e-04
0.000000000000000000e+00
0.000000000000000000e+00
2.699999999999999969e-02
0.000000000000000000e+00
0.000000000000000000e+00
6.500000000000000222e-02
0.000000000000000000e+00
0.000000000000000000e+00
0.000000000000000000e+00
0.000000000000000000e+00
0.000000000000000000e+00
0.000000000000000000e+00
0.000000000000000000e+00
0.000000000000000000e+00
6.099999999999999867e-02
0.000000000000000000e+00
0.000000000000000000e+00
7.000000000000000666e-02
3.699999999999999817e-02
6.500000000000000222e-02
0.000000000000000000e+00
0.000000000000000000e+00
0.000000000000000000e+00
0.000000000000000000e+00
1.330000000000000071e-01
1.260000000000000009e-01
4.900000000000000189e-02
0.000000000000000000e+00
1.000000000000000048e-04
0.000000000000000000e+00
3.799999999999999906e-02
0.000000000000000000e+00
0.000000000000000000e+00
0.000000000000000000e+00
0.000000000000000000e+00
1.400000000000000133e-01
6.300000000000000044e-02
0.000000000000000000e+00
5.399999999999999939e-02
0.000000000000000000e+00
0.000000000000000000e+00
1.000000000000000048e-04
0.000000000000000000e+00
0.000000000000000000e+00
1.650000000000000078e-01
