8.900000000000000133e-01
5.000000000000000000e-01
6.899999999999999467e-01
6.300000000000000044e-01
5.600000000000000533e-01
4.899999999999999911e-01
5.600000000000000533e-01
4.899999999999999911e-01
5.500000000000000444e-01
4.799999999999999822e-01
4.799999999999999822e-01
5.500000000000000444e-01
7.099999999999999645e-01
7.500000000000000000e-01
6.899999999999999467e-01
5.000000000000000000e-01
6.500000000000000222e-01
6.899999999999999467e-01
3.599999999999999867e-01
6.099999999999999867e-01
2.899999999999999800e-01
5.500000000000000444e-01
4.899999999999999911e-01
5.799999999999999600e-01
4.500000000000000111e-01
5.200000000000000178e-01
6.300000000000000044e-01
5.300000000000000266e-01
5.000000000000000000e-01
2.700000000000000178e-01
5.699999999999999512e-01
5.600000000000000533e-01
6.800000000000000488e-01
6.600000000000000311e-01
2.899999999999999800e-01
3.599999999999999867e-01
5.500000000000000444e-01
5.999999999999999778e-01
5.699999999999999512e-01
5.600000000000000533e-01
7.099999999999999645e-01
5.500000000000000444e-01
5.999999999999999778e-01
4.099999999999999756e-01
2.899999999999999800e-01
7.299999999999999822e-01
7.500000000000000000e-01
3.599999999999999867e-01
5.799999999999999600e-01
5.400000000000000355e-01
6.300000000000000044e-01
4.400000000000000022e-01
5.000000000000000000e-01
6.199999999999999956e-01
8.299999999999999600e-01
7.900000000000000355e-01
6.199999999999999956e-01
3.099999999999999978e-01
7.199999999999999734e-01
5.400000000000000355e-01
4.400000000000000022e-01
4.600000000000000200e-01
6.600000000000000311e-01
4.000000000000000222e-01
6.400000000000000133e-01
6.099999999999999867e-01
4.299999999999999933e-01
3.800000000000000044e-01
5.999999999999999778e-01
6.700000000000000400e-01
5.100000000000000089e-01
3.699999999999999956e-01
3.099999999999999978e-01
4.000000000000000222e-01
4.799999999999999822e-01
5.400000000000000355e-01
6.300000000000000044e-01
6.199999999999999956e-01
5.799999999999999600e-01
3.400000000000000244e-01
2.700000000000000178e-01
5.300000000000000266e-01
3.699999999999999956e-01
4.799999999999999822e-01
5.400000000000000355e-01
3.599999999999999867e-01
3.699999999999999956e-01
4.799999999999999822e-01
4.899999999999999911e-01
4.400000000000000022e-01
2.300000000000000100e-01
3.699999999999999956e-01
