-2.188090133666992188e+01
-2.088878250122070312e+01
-1.890993309020996094e+01
-1.983772659301757812e+01
-2.297149276733398438e+01
-2.310869789123535156e+01
-1.925319862365722656e+01
-2.386023521423339844e+01
-2.570516395568847656e+01
-2.036725997924804688e+01
-2.186207580566406250e+01
-2.067411041259765625e+01
-2.049790763854980469e+01
-2.006124877929687500e+01
-1.976177978515625000e+01
-2.004088020324707031e+01
-2.159063720703125000e+01
-2.331840324401855469e+01
-1.611607742309570312e+01
-1.895578956604003906e+01
-1.896317672729492188e+01
-2.442440223693847656e+01
-1.803232765197753906e+01
-2.684186363220214844e+01
-2.197663497924804688e+01
-1.716129684448242188e+01
-2.139176177978515625e+01
-2.124985885620117188e+01
-2.072135353088378906e+01
-1.995233154296875000e+01
-1.806547737121582031e+01
-2.022283172607421875e+01
-2.487405776977539062e+01
-2.053243255615234375e+01
-1.763057518005371094e+01
-1.891083335876464844e+01
-1.885090255737304688e+01
-2.035307312011718750e+01
-2.416809844970703125e+01
-1.861104202270507812e+01
-2.156087684631347656e+01
-2.029501914978027344e+01
-1.743120765686035156e+01
-2.127044296264648438e+01
-1.979826354980468750e+01
-1.864380645751953125e+01
-1.925037956237792969e+01
-2.356003189086914062e+01
-1.890709877014160156e+01
-1.838909339904785156e+01
-1.754738616943359375e+01
-2.154185295104980469e+01
-2.068975067138671875e+01
-2.480960273742675781e+01
-2.088433456420898438e+01
-1.631914901733398438e+01
-1.838501739501953125e+01
-1.835147476196289062e+01
-1.962310791015625000e+01
-2.201646614074707031e+01
-2.060855674743652344e+01
-2.055850219726562500e+01
-2.557761001586914062e+01
-2.107239913940429688e+01
-2.511040878295898438e+01
-2.067598342895507812e+01
-2.027692985534667969e+01
-1.955487442016601562e+01
-2.083243560791015625e+01
-2.245011329650878906e+01
-2.207269668579101562e+01
-1.710136222839355469e+01
-2.191234970092773438e+01
-2.076369476318359375e+01
-1.965989494323730469e+01
-2.389496612548828125e+01
-2.040371894836425781e+01
-1.918620300292968750e+01
-2.053262519836425781e+01
-2.577210998535156250e+01
-1.989182281494140625e+01
-2.074604034423828125e+01
-2.194956970214843750e+01
-2.377328109741210938e+01
-2.317676925659179688e+01
-2.007146453857421875e+01
-1.958579635620117188e+01
-2.216816139221191406e+01
-2.001036643981933594e+01
-1.974169921875000000e+01
-2.307950210571289062e+01
-1.854255676269531250e+01
-2.183646011352539062e+01
-2.146698951721191406e+01
-2.002018547058105469e+01
-2.125531005859375000e+01
-1.960317611694335938e+01
-1.801716423034667969e+01
-1.860746955871582031e+01
-1.741460037231445312e+01
-2.370282745361328125e+01
-1.758998298645019531e+01
-1.967335891723632812e+01
-1.947458648681640625e+01
-1.840443611145019531e+01
-2.151421928405761719e+01
-2.320890617370605469e+01
-2.187528038024902344e+01
-2.193666648864746094e+01
-2.159095001220703125e+01
-1.919109725952148438e+01
-2.059697914123535156e+01
-1.997575759887695312e+01
-1.855124855041503906e+01
-1.825075912475585938e+01
-2.296949958801269531e+01
-1.923681640625000000e+01
-2.501042556762695312e+01
-2.675564002990722656e+01
-1.847686958312988281e+01
-1.806736755371093750e+01
-2.043441009521484375e+01
-2.270533752441406250e+01
-2.491538619995117188e+01
-1.788806152343750000e+01
-2.492662048339843750e+01
-1.768172836303710938e+01
-2.307802200317382812e+01
-1.876540756225585938e+01
-2.344024658203125000e+01
-2.107378196716308594e+01
-1.919867515563964844e+01
-2.405257987976074219e+01
-2.022717666625976562e+01
-1.960548019409179688e+01
-1.685459518432617188e+01
-1.970280838012695312e+01
-1.698461151123046875e+01
-1.870131301879882812e+01
-1.972433280944824219e+01
-2.003063583374023438e+01
-2.019572257995605469e+01
-2.185279846191406250e+01
-2.485690307617187500e+01
-1.838909721374511719e+01
-1.949359130859375000e+01
-2.415893554687500000e+01
-2.107374572753906250e+01
-1.628798866271972656e+01
-1.937638092041015625e+01
-2.067939376831054688e+01
-2.176189804077148438e+01
-1.837744331359863281e+01
-1.993062973022460938e+01
-3.363080596923828125e+01
-1.913320541381835938e+01
-1.820767784118652344e+01
-1.826746559143066406e+01
-2.255734634399414062e+01
-1.859619712829589844e+01
-3.055618095397949219e+01
-1.653667068481445312e+01
-1.939821815490722656e+01
-1.875672531127929688e+01
-2.146966743469238281e+01
-1.796528816223144531e+01
-2.662692451477050781e+01
-1.909850692749023438e+01
-1.807358741760253906e+01
-2.265194129943847656e+01
-2.025959014892578125e+01
-2.069934463500976562e+01
-2.010552597045898438e+01
-2.285588264465332031e+01
-1.769907188415527344e+01
-2.255205535888671875e+01
-1.941851997375488281e+01
-2.032138824462890625e+01
-1.721008300781250000e+01
-2.048331642150878906e+01
-2.211422729492187500e+01
-1.955925369262695312e+01
-1.800898742675781250e+01
-1.989357185363769531e+01
-2.405467987060546875e+01
-3.690117645263671875e+01
-1.965834045410156250e+01
-2.360106086730957031e+01
-2.228024291992187500e+01
-2.166601943969726562e+01
-2.242744827270507812e+01
-2.401225280761718750e+01
-2.122006988525390625e+01
-2.306784057617187500e+01
-2.384705352783203125e+01
-1.821670913696289062e+01
-1.951692771911621094e+01
-2.121298408508300781e+01
-1.849407386779785156e+01
-2.306559944152832031e+01
-1.929268836975097656e+01
-2.193415260314941406e+01
-1.840335083007812500e+01
-2.830444717407226562e+01
-2.284156036376953125e+01
-1.887313461303710938e+01
-2.029255867004394531e+01
-1.801750183105468750e+01
-1.856258583068847656e+01
-2.333938980102539062e+01
-1.722192382812500000e+01
-1.981524848937988281e+01
-2.258860778808593750e+01
-2.708245658874511719e+01
-2.155229187011718750e+01
-1.786552429199218750e+01
-1.937930107116699219e+01
-2.270454978942871094e+01
-2.055445480346679688e+01
-2.017609405517578125e+01
-2.182508468627929688e+01
-2.230306434631347656e+01
-2.066191101074218750e+01
-2.705652046203613281e+01
-2.185132789611816406e+01
-2.219169425964355469e+01
-2.355401802062988281e+01
-1.940692901611328125e+01
-2.143703842163085938e+01
-1.840305137634277344e+01
-1.840985870361328125e+01
-1.896498680114746094e+01
-2.001422500610351562e+01
-2.833126068115234375e+01
-2.171873474121093750e+01
-1.837214660644531250e+01
-2.243825531005859375e+01
-2.294592666625976562e+01
-1.896012878417968750e+01
-2.058218383789062500e+01
-2.059432220458984375e+01
-1.750150299072265625e+01
-1.860497856140136719e+01
-2.182891845703125000e+01
-1.650799560546875000e+01
-2.029611206054687500e+01
-2.369976425170898438e+01
-2.131283569335937500e+01
-1.809514617919921875e+01
-2.032067298889160156e+01
-2.374937820434570312e+01
-2.268362426757812500e+01
-2.123577880859375000e+01
-1.999753952026367188e+01
-2.007732391357421875e+01
-2.621359634399414062e+01
-1.846455001831054688e+01
-1.939574813842773438e+01
-2.168802833557128906e+01
-2.304363250732421875e+01
-2.104499435424804688e+01
-2.026167488098144531e+01
-2.173391532897949219e+01
-2.691529846191406250e+01
-1.993022537231445312e+01
-1.901320838928222656e+01
-2.086651611328125000e+01
-2.072358131408691406e+01
-2.065955734252929688e+01
-2.574161529541015625e+01
-2.708297729492187500e+01
-2.051990890502929688e+01
-2.004498672485351562e+01
-2.328031539916992188e+01
-1.830645942687988281e+01
-1.852926635742187500e+01
-2.213809013366699219e+01
-2.740743255615234375e+01
-2.404679870605468750e+01
-2.265787124633789062e+01
-2.494866561889648438e+01
-2.385460090637207031e+01
-2.185132789611816406e+01
-1.976296997070312500e+01
-1.922566223144531250e+01
-1.930926895141601562e+01
-1.938589096069335938e+01
-2.434147071838378906e+01
-2.563896369934082031e+01
-2.452016830444335938e+01
-2.329286766052246094e+01
-1.894915008544921875e+01
-1.848038482666015625e+01
-2.143471908569335938e+01
-1.858675384521484375e+01
-1.910245704650878906e+01
-1.566465568542480469e+01
-2.221148872375488281e+01
-2.168538093566894531e+01
-1.950900268554687500e+01
-2.061804199218750000e+01
-2.470759963989257812e+01
-1.767997741699218750e+01
-2.260638046264648438e+01
-2.234116363525390625e+01
-2.329934310913085938e+01
-2.009765434265136719e+01
-2.160350990295410156e+01
-2.401091384887695312e+01
-1.964326858520507812e+01
-2.627513313293457031e+01
-2.342453575134277344e+01
-2.304150772094726562e+01
-2.313769149780273438e+01
-2.646333122253417969e+01
-1.911323547363281250e+01
-2.140868949890136719e+01
-2.041271591186523438e+01
-1.784592819213867188e+01
-2.086046600341796875e+01
-2.290881538391113281e+01
-1.993232917785644531e+01
-1.916382408142089844e+01
-1.983501815795898438e+01
-1.787579345703125000e+01
-2.298882675170898438e+01
-1.700233078002929688e+01
-2.343037605285644531e+01
-1.773730850219726562e+01
-2.035101509094238281e+01
-1.683377075195312500e+01
-2.453985023498535156e+01
-2.415077972412109375e+01
-2.114306640625000000e+01
-2.016771125793457031e+01
-2.838873100280761719e+01
-1.967655944824218750e+01
-2.428420257568359375e+01
-2.112357902526855469e+01
-1.838695144653320312e+01
-2.394485855102539062e+01
-2.089049339294433594e+01
-2.554281234741210938e+01
-2.217582321166992188e+01
-2.304722404479980469e+01
-2.059523963928222656e+01
-1.666907882690429688e+01
-2.274834823608398438e+01
-1.680019760131835938e+01
-1.740373039245605469e+01
-2.737230110168457031e+01
-2.763051414489746094e+01
-1.780737495422363281e+01
-2.019370269775390625e+01
-1.930386543273925781e+01
-2.006279373168945312e+01
-2.056286430358886719e+01
-2.370668220520019531e+01
-2.533373641967773438e+01
-2.709323501586914062e+01
-1.827959442138671875e+01
-2.443942260742187500e+01
-2.171627807617187500e+01
-2.150753021240234375e+01
-1.906762504577636719e+01
-2.680255889892578125e+01
-2.055131340026855469e+01
-2.289284515380859375e+01
-2.313786697387695312e+01
-1.863802528381347656e+01
-2.510339546203613281e+01
-1.833498954772949219e+01
-2.257964515686035156e+01
-1.837641716003417969e+01
-2.089966583251953125e+01
-1.947032928466796875e+01
-2.438303565979003906e+01
-2.206972312927246094e+01
-1.924770164489746094e+01
-1.987786293029785156e+01
-1.718989944458007812e+01
-2.270140075683593750e+01
-2.346941566467285156e+01
-1.888784027099609375e+01
-1.977161026000976562e+01
-2.147181320190429688e+01
-3.108890533447265625e+01
-1.817164993286132812e+01
-1.911167144775390625e+01
-1.904208755493164062e+01
-2.538207626342773438e+01
-2.264500045776367188e+01
-2.287607765197753906e+01
-2.268877792358398438e+01
-2.268923187255859375e+01
-2.191511917114257812e+01
-2.094290161132812500e+01
-2.054514503479003906e+01
-3.123684120178222656e+01
-2.685858726501464844e+01
-2.005104827880859375e+01
-1.878593254089355469e+01
-2.806193161010742188e+01
-2.407196044921875000e+01
-2.107302474975585938e+01
-2.482667160034179688e+01
-2.069095802307128906e+01
-2.205311965942382812e+01
-2.055701446533203125e+01
-2.141890335083007812e+01
-1.766920471191406250e+01
-2.456481552124023438e+01
-1.978675842285156250e+01
-1.719294166564941406e+01
-2.026430702209472656e+01
-2.197797203063964844e+01
-1.888280868530273438e+01
-2.162901496887207031e+01
-2.766350746154785156e+01
-1.804285812377929688e+01
-2.117337226867675781e+01
-2.320856285095214844e+01
-2.314488220214843750e+01
-2.427515602111816406e+01
-2.018388366699218750e+01
-2.081181335449218750e+01
-2.292563819885253906e+01
-1.808427810668945312e+01
-2.123609161376953125e+01
-1.925712776184082031e+01
-2.249277496337890625e+01
-1.906985092163085938e+01
-2.333098602294921875e+01
-2.108827781677246094e+01
-2.385878181457519531e+01
-2.248530197143554688e+01
-2.083892059326171875e+01
-1.928502655029296875e+01
-1.877177429199218750e+01
-1.951532745361328125e+01
-2.019370269775390625e+01
-2.157142448425292969e+01
-2.025352859497070312e+01
-2.447093009948730469e+01
-2.011148834228515625e+01
-2.210838890075683594e+01
-1.786053466796875000e+01
-2.102519226074218750e+01
-2.248068618774414062e+01
-2.019980812072753906e+01
-1.932209777832031250e+01
-2.091250610351562500e+01
-1.982793235778808594e+01
-2.282671737670898438e+01
-2.702755165100097656e+01
-2.045358657836914062e+01
-2.086259078979492188e+01
-1.860561752319335938e+01
-2.023623657226562500e+01
-2.675564002990722656e+01
-2.284361648559570312e+01
-2.172626876831054688e+01
-2.173660087585449219e+01
-1.985861587524414062e+01
-2.295874786376953125e+01
-1.690699386596679688e+01
-1.767997741699218750e+01
-2.047195434570312500e+01
-2.422876739501953125e+01
-1.997587203979492188e+01
-2.301749038696289062e+01
-1.871910095214843750e+01
-2.243677139282226562e+01
-2.004969024658203125e+01
-2.131198120117187500e+01
-2.171279525756835938e+01
-2.023313140869140625e+01
-1.916838264465332031e+01
-2.278982353210449219e+01
-1.955874061584472656e+01
-1.959542083740234375e+01
-1.906201934814453125e+01
-1.955874061584472656e+01
-1.975456237792968750e+01
-2.108614730834960938e+01
-2.423171615600585938e+01
-1.485934257507324219e+01
-2.205073547363281250e+01
-1.896057510375976562e+01
-2.003100776672363281e+01
-1.886052131652832031e+01
-1.684921264648437500e+01
-2.062694740295410156e+01
-2.149006652832031250e+01
-1.969063186645507812e+01
-2.447093009948730469e+01
-2.082430648803710938e+01
-2.131163215637207031e+01
-2.032038879394531250e+01
-1.845320892333984375e+01
-2.291590881347656250e+01
-1.923132324218750000e+01
-1.842536926269531250e+01
-2.048913192749023438e+01
-1.919904136657714844e+01
-2.572771072387695312e+01
-1.860797119140625000e+01
-2.351174545288085938e+01
-2.322115898132324219e+01
-2.023947906494140625e+01
-2.396333694458007812e+01
-2.016891288757324219e+01
-2.195243072509765625e+01
-2.089222335815429688e+01
-1.794590377807617188e+01
-2.046315383911132812e+01
-2.029456710815429688e+01
-2.216971206665039062e+01
-2.127813720703125000e+01
-2.347230529785156250e+01
-2.270529365539550781e+01
-1.976383209228515625e+01
-3.048671150207519531e+01
-1.931369972229003906e+01
-2.368958091735839844e+01
-2.083817672729492188e+01
-2.007256698608398438e+01
-1.927276992797851562e+01
-1.831763839721679688e+01
-1.984640693664550781e+01
-2.248635864257812500e+01
-2.341264724731445312e+01
-2.122341918945312500e+01
-2.072545814514160156e+01
-2.330620574951171875e+01
-1.623578643798828125e+01
-1.859367179870605469e+01
-2.040028762817382812e+01
-1.935498046875000000e+01
-2.100093269348144531e+01
-2.105856895446777344e+01
-2.252150344848632812e+01
-1.982400512695312500e+01
-2.634973716735839844e+01
-2.179199790954589844e+01
-2.623458862304687500e+01
-2.046833419799804688e+01
-2.153483200073242188e+01
-2.177310562133789062e+01
-2.089591979980468750e+01
-2.780445098876953125e+01
-2.370577812194824219e+01
-2.078728485107421875e+01
-2.234776496887207031e+01
-2.485938644409179688e+01
-2.832119941711425781e+01
-1.840484809875488281e+01
-2.097441101074218750e+01
-2.008048248291015625e+01
-2.241313362121582031e+01
-2.512705230712890625e+01
-2.626449584960937500e+01
-1.880866622924804688e+01
-2.583469963073730469e+01
-2.218233489990234375e+01
-1.803914260864257812e+01
-2.219821929931640625e+01
-1.936801338195800781e+01
-1.730140304565429688e+01
-2.630749893188476562e+01
-2.328857231140136719e+01
-1.868175506591796875e+01
-2.172499084472656250e+01
-1.630059051513671875e+01
-2.368653488159179688e+01
-2.138507080078125000e+01
-1.728739929199218750e+01
-2.029991149902343750e+01
-2.052892112731933594e+01
-1.886976242065429688e+01
-1.909626197814941406e+01
-2.228660964965820312e+01
-2.207982444763183594e+01
-2.180163574218750000e+01
-2.124971961975097656e+01
-2.543123817443847656e+01
-2.178453826904296875e+01
-2.483504867553710938e+01
-1.912721633911132812e+01
-1.840110397338867188e+01
-1.684039115905761719e+01
-2.392651748657226562e+01
-1.936633682250976562e+01
-2.345177268981933594e+01
-1.890902900695800781e+01
-2.084680747985839844e+01
-2.568252754211425781e+01
-2.123640060424804688e+01
-2.106809425354003906e+01
-2.145596694946289062e+01
-2.211358451843261719e+01
-1.876189422607421875e+01
-2.029289245605468750e+01
-2.092326927185058594e+01
-2.174607849121093750e+01
-2.007871246337890625e+01
-2.188936996459960938e+01
-2.019370269775390625e+01
-2.291800308227539062e+01
-2.165795898437500000e+01
-2.009275436401367188e+01
-2.284403419494628906e+01
-1.826304435729980469e+01
-2.316437339782714844e+01
-2.160214424133300781e+01
-1.999994087219238281e+01
-2.224494171142578125e+01
-1.940298843383789062e+01
-1.896317672729492188e+01
-1.965246009826660156e+01
-1.969706153869628906e+01
-1.762529754638671875e+01
-2.525411605834960938e+01
-1.981233215332031250e+01
-1.784887504577636719e+01
-2.236853218078613281e+01
-2.172337341308593750e+01
-1.995119476318359375e+01
-2.336167716979980469e+01
-2.296530723571777344e+01
-1.718844604492187500e+01
-2.141279602050781250e+01
-2.245347595214843750e+01
-1.867144775390625000e+01
-2.428022384643554688e+01
-2.208146667480468750e+01
-1.737800216674804688e+01
-2.112896347045898438e+01
-2.039486312866210938e+01
-2.025772857666015625e+01
-1.938402938842773438e+01
-2.154708099365234375e+01
-2.053220367431640625e+01
-2.080073928833007812e+01
-2.210061264038085938e+01
-2.005382919311523438e+01
-2.296286773681640625e+01
-1.847801208496093750e+01
-2.203196907043457031e+01
-1.909446716308593750e+01
-2.020152473449707031e+01
-2.043920516967773438e+01
-1.942212295532226562e+01
-2.362434768676757812e+01
-2.257534980773925781e+01
-1.831394386291503906e+01
-1.865776062011718750e+01
-2.113309288024902344e+01
-2.356759262084960938e+01
-2.051094818115234375e+01
-1.994831848144531250e+01
-2.627481651306152344e+01
-2.907071685791015625e+01
-1.831874465942382812e+01
-1.880467033386230469e+01
-1.998448753356933594e+01
-2.153687477111816406e+01
-2.193386459350585938e+01
-1.931213569641113281e+01
-2.218079757690429688e+01
-2.082673072814941406e+01
-2.420769882202148438e+01
-1.908525848388671875e+01
-1.880772590637207031e+01
-1.950933074951171875e+01
-2.051805686950683594e+01
-2.545374679565429688e+01
-1.968609428405761719e+01
-2.669432449340820312e+01
-2.139192390441894531e+01
-1.986463928222656250e+01
-2.063093566894531250e+01
-1.945339202880859375e+01
-1.915505599975585938e+01
-1.969997596740722656e+01
-1.870155525207519531e+01
-1.972407913208007812e+01
-1.892825317382812500e+01
-2.212744331359863281e+01
-1.894591903686523438e+01
-2.013378906250000000e+01
-2.033126258850097656e+01
-1.746151733398437500e+01
-1.916382408142089844e+01
-2.364358520507812500e+01
-2.200688934326171875e+01
-2.077301597595214844e+01
-2.181579971313476562e+01
-1.799681854248046875e+01
-2.011643791198730469e+01
-2.131539916992187500e+01
-1.996953964233398438e+01
-1.848641967773437500e+01
-1.893144226074218750e+01
-2.000852775573730469e+01
-2.095475769042968750e+01
-2.038559341430664062e+01
-1.768502807617187500e+01
-1.977520561218261719e+01
-2.065896987915039062e+01
-2.507722091674804688e+01
-2.015823364257812500e+01
-2.133374214172363281e+01
-2.086568832397460938e+01
-1.662041091918945312e+01
-1.984976577758789062e+01
-1.930419349670410156e+01
-2.022708892822265625e+01
-1.621122741699218750e+01
-2.312126922607421875e+01
-2.232011985778808594e+01
-2.454922866821289062e+01
-2.465274429321289062e+01
-2.069302177429199219e+01
-2.256862831115722656e+01
-2.123510169982910156e+01
-2.155984497070312500e+01
-1.866751289367675781e+01
-2.454034042358398438e+01
-2.021696853637695312e+01
-1.986467933654785156e+01
-1.887680625915527344e+01
-1.945404243469238281e+01
-2.344893074035644531e+01
-1.988197326660156250e+01
-2.164682388305664062e+01
-2.503100204467773438e+01
-2.150895690917968750e+01
-1.981741333007812500e+01
-2.156383132934570312e+01
-2.656000328063964844e+01
-2.053773880004882812e+01
-2.081740570068359375e+01
-2.197098922729492188e+01
-3.007004928588867188e+01
-2.178409194946289062e+01
-1.938390159606933594e+01
-1.978485107421875000e+01
-1.872793006896972656e+01
-2.211092376708984375e+01
-1.832455635070800781e+01
-1.984784698486328125e+01
-2.068313598632812500e+01
-1.810717964172363281e+01
-2.022750854492187500e+01
-1.891392517089843750e+01
-2.118161010742187500e+01
-1.780070877075195312e+01
-1.861359405517578125e+01
-2.244507980346679688e+01
-1.964572906494140625e+01
-2.167238044738769531e+01
-1.998351287841796875e+01
-1.771125793457031250e+01
-1.911863899230957031e+01
-1.911728668212890625e+01
-2.008775711059570312e+01
-2.313553619384765625e+01
-2.038306427001953125e+01
-2.410338401794433594e+01
-2.392236709594726562e+01
-1.930486679077148438e+01
-2.181525802612304688e+01
-2.043211364746093750e+01
-1.958532714843750000e+01
-1.756496047973632812e+01
-2.068951034545898438e+01
-2.335452270507812500e+01
-1.951491165161132812e+01
-2.108918571472167969e+01
-2.255734634399414062e+01
-2.112773895263671875e+01
-1.896318435668945312e+01
-2.582744979858398438e+01
-1.836010932922363281e+01
-2.198393058776855469e+01
-2.177183151245117188e+01
-2.030027008056640625e+01
-2.228361320495605469e+01
-1.842536926269531250e+01
-1.858864212036132812e+01
-1.753571891784667969e+01
-2.094808578491210938e+01
-1.884352493286132812e+01
-1.761191368103027344e+01
-2.234128570556640625e+01
-2.026104927062988281e+01
-2.256758117675781250e+01
-2.761931610107421875e+01
-2.254421424865722656e+01
-2.098473167419433594e+01
-2.196313095092773438e+01
-2.687076377868652344e+01
-2.103982925415039062e+01
-2.064148902893066406e+01
-1.892308044433593750e+01
-1.968934631347656250e+01
-2.542740440368652344e+01
-2.175571632385253906e+01
-2.147243881225585938e+01
-2.057771492004394531e+01
-2.098925018310546875e+01
-1.941310691833496094e+01
-1.934334564208984375e+01
-1.804963302612304688e+01
-1.613615417480468750e+01
-1.714165496826171875e+01
-2.271105003356933594e+01
-2.179522895812988281e+01
-2.074798011779785156e+01
-2.199345779418945312e+01
-1.776767730712890625e+01
-2.022481155395507812e+01
-2.386231803894042969e+01
-1.874044799804687500e+01
-2.146476173400878906e+01
-1.978393936157226562e+01
-2.370142555236816406e+01
-2.094471549987792969e+01
-2.498769187927246094e+01
-1.678853988647460938e+01
-2.010513114929199219e+01
-2.146906280517578125e+01
-1.903397369384765625e+01
-2.125693321228027344e+01
-1.941961288452148438e+01
-2.166669464111328125e+01
-1.902294540405273438e+01
-1.952888679504394531e+01
-2.006204414367675781e+01
-1.925288963317871094e+01
-2.052341651916503906e+01
-2.524843978881835938e+01
-2.283444976806640625e+01
-1.963112449645996094e+01
-1.932194137573242188e+01
-2.342289543151855469e+01
-2.035884284973144531e+01
-1.907056236267089844e+01
-1.867128753662109375e+01
-2.025268554687500000e+01
-2.058708953857421875e+01
-1.992821121215820312e+01
-1.956843757629394531e+01
-2.024047470092773438e+01
-2.015401458740234375e+01
-1.971282386779785156e+01
-2.329779815673828125e+01
-2.649654006958007812e+01
-2.276392173767089844e+01
-2.008808517456054688e+01
-1.857355499267578125e+01
-1.842909431457519531e+01
-2.026729011535644531e+01
-2.046595382690429688e+01
-1.893798065185546875e+01
-1.814088821411132812e+01
-2.477907943725585938e+01
-2.329047012329101562e+01
-2.103882789611816406e+01
-1.932313346862792969e+01
-1.886158752441406250e+01
-1.965614700317382812e+01
-2.215160942077636719e+01
-2.004371261596679688e+01
-1.947157669067382812e+01
-1.941961288452148438e+01
-1.967112350463867188e+01
-2.111612129211425781e+01
-2.687092399597167969e+01
-1.945151519775390625e+01
-2.229598808288574219e+01
-1.820341491699218750e+01
-1.868712997436523438e+01
-1.904088973999023438e+01
-1.948104095458984375e+01
-2.326781272888183594e+01
-2.130818557739257812e+01
-1.925139045715332031e+01
-1.744305038452148438e+01
-2.544161415100097656e+01
-1.860876464843750000e+01
-2.026914024353027344e+01
-1.979369354248046875e+01
-2.046094131469726562e+01
-1.867235183715820312e+01
-1.997339248657226562e+01
-2.500080299377441406e+01
-2.223468017578125000e+01
-1.669626045227050781e+01
-1.899707412719726562e+01
-2.006919288635253906e+01
-1.978738021850585938e+01
-2.393433761596679688e+01
-2.347008514404296875e+01
-2.312827873229980469e+01
-2.662452316284179688e+01
-2.409822654724121094e+01
-2.226354408264160156e+01
-2.119876098632812500e+01
-2.043620300292968750e+01
-2.069218826293945312e+01
-2.149089241027832031e+01
-2.194574165344238281e+01
-1.929463386535644531e+01
-1.981201362609863281e+01
-1.891630554199218750e+01
-1.886932945251464844e+01
-1.697681427001953125e+01
-2.003024291992187500e+01
-2.133069610595703125e+01
-1.899014663696289062e+01
-1.968410873413085938e+01
-2.295575332641601562e+01
-2.229739379882812500e+01
-2.077239036560058594e+01
-2.014422607421875000e+01
-2.054502487182617188e+01
-2.576259994506835938e+01
-2.264044952392578125e+01
-1.992106819152832031e+01
-1.956510162353515625e+01
-2.003896331787109375e+01
-2.322848510742187500e+01
-2.072880744934082031e+01
-2.098036384582519531e+01
-2.211211395263671875e+01
-2.556568527221679688e+01
-1.802945327758789062e+01
-2.327921867370605469e+01
-2.069306373596191406e+01
-2.098271179199218750e+01
-2.153261184692382812e+01
-1.917377281188964844e+01
-2.089096260070800781e+01
-2.319945335388183594e+01
-2.381918716430664062e+01
-2.585713195800781250e+01
-2.096918678283691406e+01
-2.162221145629882812e+01
-2.194490242004394531e+01
-2.673237037658691406e+01
-1.722092247009277344e+01
-2.156490325927734375e+01
-2.073359680175781250e+01
-2.255186843872070312e+01
-1.826222801208496094e+01
-1.959689521789550781e+01
-1.828348350524902344e+01
-2.037542152404785156e+01
-2.203629684448242188e+01
-2.057928085327148438e+01
-1.962256240844726562e+01
-2.098583030700683594e+01
-2.090904998779296875e+01
-2.224975204467773438e+01
-1.976692581176757812e+01
-1.998730850219726562e+01
-1.989465904235839844e+01
-2.313006210327148438e+01
-2.377699089050292969e+01
-2.104873657226562500e+01
-2.509020996093750000e+01
-2.214646148681640625e+01
-2.046358489990234375e+01
-2.391761016845703125e+01
-2.486405944824218750e+01
-2.282596969604492188e+01
-2.104060935974121094e+01
-1.782144546508789062e+01
-1.870575714111328125e+01
-2.128285026550292969e+01
-1.936633491516113281e+01
-2.488706207275390625e+01
-1.675956726074218750e+01
-1.775847625732421875e+01
-2.070578765869140625e+01
-2.261667633056640625e+01
-2.118173789978027344e+01
-2.126277160644531250e+01
-2.294793701171875000e+01
-1.926841926574707031e+01
-1.998488616943359375e+01
-1.970137023925781250e+01
-1.928488731384277344e+01
-2.232971954345703125e+01
-2.017138671875000000e+01
-1.601955223083496094e+01
-1.989960289001464844e+01
-1.989945411682128906e+01
-2.452483749389648438e+01
-1.938024711608886719e+01
-1.975085449218750000e+01
-1.837587356567382812e+01
-1.998190879821777344e+01
-1.877140808105468750e+01
-2.217863273620605469e+01
-2.287526321411132812e+01
-2.346418380737304688e+01
-1.976906204223632812e+01
-2.076058959960937500e+01
-2.215046119689941406e+01
-1.963360595703125000e+01
-2.256202316284179688e+01
-2.268890571594238281e+01
-1.883525276184082031e+01
-1.724764060974121094e+01
-2.007998847961425781e+01
-1.962875747680664062e+01
-1.931749343872070312e+01
-1.898883056640625000e+01
-2.017098617553710938e+01
-2.026281356811523438e+01
-1.836612701416015625e+01
-1.933333778381347656e+01
-2.148357200622558594e+01
-2.033540344238281250e+01
-1.878097724914550781e+01
-2.036531066894531250e+01
-1.976460647583007812e+01
-2.112210845947265625e+01
-2.101522064208984375e+01
-2.343470382690429688e+01
-1.665658760070800781e+01
-2.028446960449218750e+01
-1.689037322998046875e+01
-1.725607872009277344e+01
-2.286925125122070312e+01
-2.568916702270507812e+01
-1.807067108154296875e+01
-2.194841957092285156e+01
-1.839403915405273438e+01
-1.954623413085937500e+01
-2.264272689819335938e+01
-1.916100883483886719e+01
-2.648796844482421875e+01
-1.871633529663085938e+01
-1.779638671875000000e+01
-1.839296722412109375e+01
-1.870801162719726562e+01
-2.197534179687500000e+01
-2.070238113403320312e+01
-2.530174827575683594e+01
-2.104568862915039062e+01
-1.738920021057128906e+01
-1.789748764038085938e+01
-2.117432785034179688e+01
-1.966667556762695312e+01
-1.924742889404296875e+01
-1.978958511352539062e+01
-2.050169563293457031e+01
-2.232616806030273438e+01
-1.702461624145507812e+01
-2.132711029052734375e+01
-1.836655616760253906e+01
-2.019186210632324219e+01
-2.131099319458007812e+01
-1.933915328979492188e+01
-1.635922622680664062e+01
-2.243825531005859375e+01
-2.187114715576171875e+01
-2.953334045410156250e+01
-2.076072692871093750e+01
-2.450170898437500000e+01
-1.818399047851562500e+01
-2.457535934448242188e+01
-1.897903251647949219e+01
-1.918617439270019531e+01
-2.008333206176757812e+01
-1.899819946289062500e+01
-2.178206825256347656e+01
-2.455820846557617188e+01
-2.307950210571289062e+01
-1.985691070556640625e+01
-2.117085647583007812e+01
-1.716675567626953125e+01
-2.023905563354492188e+01
-2.088618850708007812e+01
-2.278765106201171875e+01
-1.946329498291015625e+01
-1.903072547912597656e+01
-1.950912857055664062e+01
-1.791427993774414062e+01
-2.158243751525878906e+01
-2.225040435791015625e+01
-2.052605438232421875e+01
-2.431049728393554688e+01
-2.029285049438476562e+01
-2.226298141479492188e+01
-2.801303482055664062e+01
-2.072113418579101562e+01
-1.996262741088867188e+01
-1.862457275390625000e+01
-2.416863250732421875e+01
-1.762738037109375000e+01
-1.980472373962402344e+01
-1.941470527648925781e+01
-1.817184448242187500e+01
-2.652786827087402344e+01
-2.200200271606445312e+01
-2.357103729248046875e+01
-2.069664001464843750e+01
-2.171279525756835938e+01
-2.146437835693359375e+01
-2.307126235961914062e+01
-2.137702560424804688e+01
-1.670909500122070312e+01
-3.229359436035156250e+01
-1.897173881530761719e+01
-2.074390029907226562e+01
-1.908461380004882812e+01
-1.796047401428222656e+01
-1.812949371337890625e+01
-2.007479095458984375e+01
-1.998806381225585938e+01
-2.213961029052734375e+01
-2.092049980163574219e+01
-3.389575958251953125e+01
-1.919140243530273438e+01
-2.114215469360351562e+01
-2.185300827026367188e+01
-1.983761787414550781e+01
-2.262788581848144531e+01
-2.278540420532226562e+01
-2.091159820556640625e+01
-1.916329574584960938e+01
-2.462565231323242188e+01
-2.712536239624023438e+01
-1.808396148681640625e+01
-2.593957710266113281e+01
-2.319173431396484375e+01
-2.204182815551757812e+01
-2.554694747924804688e+01
-2.159578132629394531e+01
-1.846649932861328125e+01
-1.979818916320800781e+01
-2.252299499511718750e+01
-1.921106338500976562e+01
-2.077697372436523438e+01
-1.890634346008300781e+01
-2.119872665405273438e+01
-2.013047790527343750e+01
-1.747189140319824219e+01
-2.142774009704589844e+01
-1.953715705871582031e+01
-2.030008697509765625e+01
-1.653517150878906250e+01
-1.851593017578125000e+01
-1.856093406677246094e+01
-2.075626373291015625e+01
-2.157004547119140625e+01
-2.252604293823242188e+01
-1.895936584472656250e+01
-2.051885032653808594e+01
-2.723355674743652344e+01
-1.923770523071289062e+01
-1.838989639282226562e+01
-2.004856300354003906e+01
-2.076061248779296875e+01
-1.831347656250000000e+01
-1.982362937927246094e+01
-2.326576614379882812e+01
-1.975532150268554688e+01
-2.151405334472656250e+01
-1.961594963073730469e+01
-1.953300476074218750e+01
-2.502785682678222656e+01
-2.290348815917968750e+01
-2.336403465270996094e+01
-2.340781402587890625e+01
-2.226949310302734375e+01
-1.809923934936523438e+01
-2.866539764404296875e+01
-1.922511100769042969e+01
-2.381853866577148438e+01
-1.756359863281250000e+01
-2.315557861328125000e+01
-1.968450927734375000e+01
-1.790815925598144531e+01
-2.035960388183593750e+01
-2.173471260070800781e+01
-1.883023834228515625e+01
-2.020031738281250000e+01
-2.237100601196289062e+01
-2.388282012939453125e+01
-2.030385208129882812e+01
