-12.132789
-12.132789
-4.430097
-4.153549
-4.153549
-10.688794
-8.108087
-0.044302
0.666344
2.078393
-3.851378
-13.281247
2.271278
-0.203659
1.551234
3.821565
0.666194
1.012221
-6.160682
2.462010
1.720209
-1.721108
1.064164
2.619712
-0.224731
-5.326463
-0.881513
-3.819028
-3.446458
4.583696
4.183605
-3.138756
-1.651066
-11.868080
-4.656658
-2.333979
-2.410102
-3.435283
-5.218426
-8.024089
-1.965189
-7.939548
-7.894682
-7.798157
-9.445970
-10.263922
-5.173870
-5.173870
-4.532027
-8.016115
11.882864
-1.605176
-1.605176
-7.261519
-1.676237
0.710651
1.694606
-1.683704
-2.437319
-11.888341
-10.792006
-1.169494
-7.045158
-1.621420
1.238027
-1.379669
-7.113770
-5.694204
-2.117943
-0.773753
-2.071098
2.473025
-0.678155
-3.026741
-3.205776
-1.327214
-1.694763
2.114276
-3.133951
-10.113413
-0.090239
-3.337218
-5.687744
5.713707
3.053438
-1.293446
-1.171179
-7.098796
-4.582609
-2.757035
-0.307365
-8.545981
2.554398
-7.631018
-6.915933
-5.519832
-4.693522
6.655359
-5.915252
-11.748692
-7.138850
-7.138850
-8.259170
0.160079
-3.906754
-0.067494
2.405070
-2.716859
-3.105113
-4.508189
-3.436866
0.562818
-4.659557
-5.743902
-5.236093
-2.651172
-2.651172
2.373577
2.373577
-0.457353
-1.078641
0.405296
-0.197874
5.730550
-3.071412
-4.271297
-6.297356
-3.046840
-3.046840
-3.475424
-11.780124
-5.875850
-4.524777
-5.173736
-5.344179
-5.154668
0.374889
4.395638
-1.194766
1.174012
-6.534695
3.403374
-3.773067
8.709014
8.709014
-2.317836
0.268743
-0.221845
-1.094797
-4.852735
-1.735873
-4.430097
-1.548811
-4.153549
-8.108087
-8.108087
6.350250
-0.044302
-0.044302
0.950638
2.078393
2.078393
-3.851378
-3.851378
-13.281247
-11.571886
2.271278
2.271278
-0.203659
1.115629
1.551234
-6.922970
3.821565
3.821565
-2.344584
5.443699
0.666194
1.012221
1.012221
-3.030221
2.462010
2.462010
1.720209
-1.721108
1.064164
2.619712
4.036473
-7.390059
-11.709090
-10.495467
-4.668707
-7.779476
-0.224731
-0.224731
-0.881513
-0.881513
-3.446458
4.583696
4.583696
-0.211350
4.183605
-1.651066
8.288361
-4.656658
-2.772129
-2.333979
-2.333979
-0.570114
-0.570114
-0.037168
-0.142490
-8.024089
-1.965189
-1.965189
-7.894682
-7.798157
-1.047984
-1.047984
-1.047984
8.719800
8.719800
-10.263922
-5.173870
11.882864
11.882864
-1.605176
-14.488874
-0.716480
0.577534
0.710651
1.694606
1.694606
-6.588946
-1.683704
-1.683704
-1.603879
-10.792006
-7.775641
-1.169494
-1.621420
1.513754
-6.627772
-7.113770
-7.193834
-5.694204
-0.773753
-2.071098
6.260787
-3.787728
6.588728
-0.678155
-0.678155
-3.026741
-1.327214
-0.761860
-1.694763
-1.694763
2.114276
2.114276
-3.133951
-10.201822
-1.288667
5.713707
5.713707
0.988058
3.053438
0.807475
-1.293446
-1.293446
-0.530333
-4.582609
-0.307365
2.554398
2.554398
2.554398
-7.631018
-6.915933
6.655359
6.655359
1.065905
-9.697468
-11.748692
-7.138850
-7.138850
-3.906754
-0.149250
-3.367389
2.405070
2.405070
4.688536
-1.566000
-2.716859
-3.105113
-3.460010
-3.436866
-3.436866
0.562818
-4.659557
-5.236093
-2.651172
-2.651172
-3.406770
2.373577
2.373577
-0.457353
-1.078641
-1.078641
0.405296
-0.197874
-0.197874
-3.938888
5.730550
5.730550
-3.399555
-2.687245
-3.071412
-1.585060
-3.046840
-3.046840
-1.933481
-11.780124
-5.875850
-4.763994
-1.224469
-5.173736
-5.173736
-5.154668
0.374889
0.374889
4.283297
4.283297
4.395638
4.395638
-1.194766
1.174012
3.403374
3.403374
8.709014
8.709014
8.709014
2.209390
0.613041
2.668382
0.268743
-0.572950
-0.221845
-0.221845
0.850543
