-4.505457
-4.505457
0.346574
-2.079442
-2.426015
-0.693147
0.000000
1.386294
-3.119162
1.386294
1.039721
-3.465736
3.465736
1.386294
0.000000
1.039721
-5.545177
-3.119162
-3.465736
-1.386294
-3.119162
-1.732868
-1.732868
-1.386294
-2.079442
-1.386294
-2.772589
-2.772589
0.693147
3.465736
1.732868
-3.119162
-3.465736
-5.198604
-2.079442
-1.732868
0.000000
-2.772589
-4.158883
0.693147
-0.693147
-2.426015
-1.039721
1.386294
-3.119162
-1.386294
-1.732868
-4.158883
-3.119162
-0.693147
5.545177
-1.386294
-0.346574
-4.158883
-2.079442
-2.426015
-3.119162
-1.039721
-2.772589
-2.079442
-1.386294
1.386294
-2.079442
-2.079442
0.346574
-2.079442
-1.386294
-1.732868
-0.346574
-2.426015
3.812309
0.346574
3.465736
-1.039721
-0.346574
0.693147
-0.693147
0.346574
-0.346574
-3.119162
-0.346574
-0.693147
1.039721
0.000000
-0.346574
0.346574
0.000000
-4.158883
-1.386294
-1.386294
0.000000
-3.812309
2.426015
2.772589
1.039721
-3.812309
-2.772589
2.079442
-1.732868
-1.039721
-3.465736
-0.346574
-5.545177
-1.732868
0.000000
-1.732868
-4.158883
-2.426015
-0.693147
-2.079442
-2.426015
-1.039721
0.693147
-3.465736
-0.693147
-0.346574
-1.732868
-2.079442
-0.693147
-1.732868
-3.465736
-0.346574
-0.693147
2.772589
-3.119162
-3.465736
-2.772589
0.346574
-2.772589
0.346574
-2.079442
-3.119162
-0.693147
-1.732868
-4.158883
0.693147
-1.732868
1.386294
-0.693147
0.346574
-0.346574
1.386294
-3.119162
-1.386294
0.000000
0.346574
2.079442
0.000000
0.693147
-2.079442
-3.812309
-2.079442
-1.039721
-4.505457
-2.426015
-2.426015
-0.346574
-1.386294
-0.346574
-4.852030
0.693147
-1.386294
-1.732868
-1.732868
-5.891751
-5.198604
0.693147
1.386294
-0.693147
-4.158883
-2.772589
-5.891751
-1.732868
-1.732868
-3.812309
-6.584898
-7.971193
-5.891751
-4.852030
-3.465736
-3.465736
-4.158883
-3.119162
-1.039721
-0.693147
-3.812309
-1.039721
-3.812309
-7.971193
-8.664340
-4.852030
-4.852030
-4.505457
-4.852030
-2.079442
-3.119162
-2.079442
1.386294
3.119162
0.000000
-1.039721
-5.545177
-1.732868
-4.852030
-1.386294
-1.386294
-2.772589
-5.545177
-6.238325
-2.079442
-0.693147
-2.079442
-3.465736
0.000000
-1.732868
-0.693147
0.000000
-2.772589
-5.198604
-3.465736
-3.119162
-3.119162
-4.505457
2.772589
2.772589
-3.119162
-2.426015
-4.852030
-4.158883
-4.852030
-5.198604
-4.505457
-5.198604
-3.812309
-3.812309
-5.545177
-4.158883
-4.158883
-0.346574
-1.386294
-2.426015
-4.158883
-4.158883
-4.505457
-4.505457
-5.198604
1.039721
0.000000
-5.891751
4.852030
0.693147
-3.119162
-2.079442
-0.693147
0.000000
-3.465736
-3.465736
-2.426015
-2.426015
-3.119162
-5.545177
-3.465736
-0.346574
-2.772589
-3.812309
-3.119162
-2.079442
-2.426015
-0.693147
-0.693147
-3.465736
-2.772589
-0.693147
0.000000
0.346574
0.000000
-1.039721
0.000000
-0.693147
-3.812309
-3.465736
0.346574
-2.772589
-3.119162
-2.772589
-1.039721
-2.772589
-6.238325
-6.584898
-2.426015
-3.812309
-5.198604
-0.693147
-1.732868
-5.198604
-4.505457
-3.465736
-2.079442
-3.119162
-1.732868
-3.119162
-2.772589
-1.732868
-3.119162
-3.812309
-5.198604
-6.238325
-3.119162
-3.465736
-2.772589
-4.852030
0.000000
0.000000
-2.772589
-2.426015
-5.891751
-2.079442
-2.426015
-2.426015
1.732868
-3.119162
-3.119162
-3.812309
-2.426015
-1.732868
-4.505457
-2.079442
-3.119162
-4.505457
-2.772589
-3.465736
-1.386294
-1.386294
-3.465736
-2.079442
0.000000
-1.386294
-2.426015
-2.079442
-1.386294
-1.732868
-2.079442
-0.693147
-0.693147
-3.119162
-2.079442
-2.772589
1.039721
