1
1
1
1
1
1
1
1
1
1
1
1
1
1
1
1
1
1
1
1
1
1
1
1
1
1
1
1
1
1
1
1
1
1
1
1
1
1
1
1
1
1
1
1
1
1
1
1
1
1
1
1
1
1
1
1
1
1
1
1
1
1
1
1
1
1
1
1
1
1
1
1
1
1
1
1
1
1
1
1
1
1
1
1
1
1
1
1
1
1
1
1
1
1
1
1
1
1
1
1
1
1
1
1
1
1
1
1
1
1
1
1
1
1
1
1
1
1
1
1
1
1
1
1
1
1
1
1
1
1
1
1
1
1
1
1
1
1
1
1
1
1
1
1
1
1
1
1
1
1
1
1
1
1
1
1
1
1
1
1
1
1
1
1
1
1
1
1
1
1
1
1
1
1
1
1
1
1
1
1
1
1
1
1
1
1
1
1
1
1
1
0.9997824
0.8159676
0.9934139
0.57002425
0.80467236
0.43190348
0.59532696
0.9171261
0.9726486
0.988265
0.9893727
0.9995215
0.755165
0.95151114
0.8928793
0.9617462
0.43190348
0.9584019
0.99368316
0.7269365
0.9972037
0.94320846
0.8010919
0.5837775
0.9911286
0.45138565
0.93581057
0.99824303
0.6969591
0.9980754
0.99542
0.95141685
0.7529029
0.993573
0.3825633
0.65882677
0.7472382
0.85039437
0.9205363
0.64195687
0.99918365
0.53281325
0.96465945
0.99920154
0.9993433
0.59631515
0.99808717
0.9986359
0.4487771
0.94905275
0.4151354
0.9734484
0.9997917
0.97845495
0.46989438
0.9978523
0.95421135
0.67092466
0.91626215
0.9954583
0.9883519
0.84817743
0.59532696
0.9995215
0.98589444
0.99996
0.9845592
0.9951406
0.78088605
0.9422376
0.99910766
0.6856657
0.7932178
0.99971116
0.5663638
0.98801655
0.9915613
0.78385615
0.9974554
0.9284388
0.9623188
0.9819291
0.99537385
0.9274132
0.8593581
0.5916065
0.9689251
0.9686652
0.9972087
0.99824303
0.9974671
0.8304361
0.97862315
0.9621287
0.59798634
0.7667539
0.8767026
0.53151107
0.96249396
0.9974587
0.9843665
0.582475
0.3460477
0.7737604
0.569217
0.73190063
0.99768853
0.55695003
0.9969793
0.46989438
0.50982857
0.98965144
0.99360454
0.9489748
0.99367315
0.99996597
0.935973
0.9909003
0.95136833
0.9719066
0.41706684
0.95742023
0.9997473
0.99988556
0.41942835
0.8238253
0.771096
0.67778593
0.87587297
0.99983144
0.8974665
0.46989438
0.90494853
0.72669613
0.71933323
0.89246345
0.43292302
0.9187464
0.6412609
0.97361827
0.6826054
0.7892378
0.46837178
0.865579
0.9896842
0.72340447
0.96274686
0.9954272
0.9827493
0.9987684
0.9910144
0.9838278
0.8026409
0.9832128
0.998322
0.9993365
0.87500304
0.777339
0.99994504
0.9734365
0.98929375
0.99990785
0.9996346
0.9708302
0.9980533
0.99301326
0.9951269
0.99832594
0.999987
0.8969117
0.99997795
0.7279898
0.865633
0.99986935
0.9251556
0.56554914
0.9929818
0.9786139
0.8876695
0.8857862
0.99986
0.9692853
0.85003567
0.99210227
0.90382576
0.97679037
0.9835734
0.99560076
0.46568665
0.9967365
0.99358857
0.9899136
0.99823093
0.92663217
0.9451607
0.9999266
0.9975304
0.48813176
0.99697465
0.9607954
0.50875515
0.92420846
0.9776431
0.8397657
0.985264
0.9934587
0.91783607
0.9999781
0.7632688
0.8297156
0.99989146
0.84700817
0.9962158
0.9997346
0.9963658
0.58826125
0.67342705
0.99895537
0.742744
0.6999161
0.4980781
0.8708727
0.53928655
0.8614153
0.70403826
0.89361006
0.9794155
0.49635664
0.91872114
0.9928224
0.8574628
0.4697442
0.9957596
0.90472585
0.998927
0.9993395
0.55726194
0.88651264
0.99755424
0.9112296
0.66897684
0.8705833
0.9567207
0.86219656
0.9918661
0.6600975
0.99831414
0.7721079
0.5282361
0.84544766
0.92278475
0.834399
0.6826054
0.99816585
0.9847642
0.8545004
0.9995523
0.6836406
0.99977124
0.5746379
0.99692863
0.9721501
0.78256154
0.99782145
0.95216143
0.98970443
0.99228144
0.9714254
0.7719569
0.6672048
0.9845609
0.83689326
0.71013325
0.9988595
0.9996841
0.9279607
0.9392945
0.9996784
0.95101696
0.9942579
0.96396196
0.93443936
0.97765064
0.9994987
0.9771258
0.55711746
0.79153705
0.85966414
0.99715495
0.99015623
0.9346655
0.95575947
0.9948771
0.7458695
0.601944
0.956131
0.9994757
0.8833069
0.99544126
0.87016296
0.94264066
0.9999541
0.9990872
0.9556001
0.99958587
0.982233
0.9912823
0.9655719
0.95961624
0.99577725
0.997792
0.99842894
0.92107344
0.5408481
0.6568748
0.62921005
0.99983567
0.9980469
0.98219883
0.9699183
0.7171527
0.9098869
0.9860287
0.8571059
0.9977671
0.9291177
0.99970096
0.83892095
0.9999629
0.99811286
0.64469755
0.61258465
0.7287076
0.9979851
0.9854308
0.9931219
0.74853176
0.9694116
0.91241765
0.9974725
0.989066
0.9303389
0.7012026
0.9977604
0.88964677
0.99572885
0.9428861
0.9988069
0.8456451
0.6740328
0.9026983
0.9933763
0.9417344
0.6268795
0.98050714
0.9986486
0.99953765
0.99951375
0.9928506
0.9971038
0.9760084
0.9971547
0.9987288
0.9434462
0.5329071
0.9998025
0.99972194
0.98267144
0.60671544
0.6467057
0.82183295
0.84090704
0.788409
0.9291177
0.93710685
0.9791565
0.9997125
0.9999344
0.92522234
0.99905384
0.9736167
0.99871194
0.98926485
0.9860879
0.9976939
0.7941621
0.9989908
0.9976519
0.9376059
0.9996643
0.9587987
0.8064953
0.8131824
0.9982011
0.8535316
0.996047
0.99590105
0.9942483
0.6892565
0.99745715
0.99896175
0.9096984
0.9551509
0.99223554
0.9586094
0.70336866
0.99566686
0.7140522
0.9986139
0.8802175
0.8637328
0.9959494
0.99084777
0.9625684
0.99544126
0.99484646
0.9830062
0.7056185
0.9981775
0.99338335
0.99997234
0.8846612
0.6370632
0.93941766
0.95396024
0.5817103
0.9679108
0.76385516
0.9622417
0.9986512
0.9705665
0.99985826
0.99124324
0.99987984
0.9948342
0.97698957
0.9973045
0.9986892
0.9923097
0.99984586
0.9977378
0.9442767
0.9980606
0.76459926
0.9972273
0.9973001
0.99893975
0.62475634
0.9164742
0.9988591
0.93594456
0.9918928
0.99881804
0.98405594
0.837938
0.9021209
0.4969369
0.9716149
0.9936342
0.73541576
0.9986732
0.9242567
0.99906445
0.9088757
0.85463345
0.8020755
0.95317316
0.9978932
0.96962404
0.91299915
0.99864256
0.94861645
0.9948351
0.999476
0.9996037
0.99750626
0.9989225
0.9956407
0.97120535
0.9774861
0.59540176
0.81739163
0.99952453
0.63570136
0.5834282
0.89936507
0.99701566
0.8139972
0.9903197
0.9999753
0.9507973
0.99839234
0.5776605
0.9908044
0.93041384
0.9939615
0.99985355
0.9989877
0.6973641
0.99440324
0.99004066
0.7369565
0.99892753
0.958679
0.9977726
0.9035461
0.9990673
0.9995837
0.99731725
0.9586417
0.99186045
0.97005844
0.7824492
0.9880833
0.97568095
0.9945722
0.999292
0.68446535
0.61914605
0.999618
0.94565415
0.97992647
0.97666425
0.70844793
0.9920806
0.9765228
0.766817
0.97434723
0.9647832
0.99988765
0.97982585
0.8193636
0.8528023
0.9461892
0.9954272
0.5560967
0.9969636
0.9975602
0.8250116
0.8986575
0.9728254
0.9955605
0.98332125
0.9847948
0.99993354
0.9873057
0.9997625
0.9914838
0.9632385
0.9986403
0.94722635
0.9004915
0.99998236
0.8053929
0.91784304
0.99632806
0.96337855
0.9995635
0.99298793
0.948749
0.99628615
0.9991409
0.8959782
0.9224695
0.8418301
0.9883143
0.99295706
0.9825665
0.8857862
0.98699397
0.9758176
0.9907295
0.99843407
0.9989496
0.7491318
0.8856603
0.7049409
0.97276866
0.9883143
0.86632824
0.99997896
0.9904259
0.9967366
0.9999657
0.99837303
0.99993783
0.51437414
0.9613936
0.9812144
0.9976592
0.80492324
0.99746996
0.9930518
0.998567
0.92563367
0.9954369
0.6503571
0.99535847
0.64706963
0.9913072
0.9269175
0.99874294
0.9992454
0.9488536
0.9842516
0.9652084
0.9958502
0.9801361
0.99930584
0.99520177
0.9991943
0.9638636
0.9826632
0.9991041
0.9439931
0.88147944
0.9986135
0.94227135
0.9701534
0.98951244
0.9990063
0.9462414
0.99141276
0.96738064
0.96100056
0.99682075
0.9889324
0.96743447
0.94665486
0.9780184
0.9999172
0.9875623
0.96721804
0.9894263
0.7796799
0.99831635
0.9969604
0.9999238
0.9630719
0.9942002
0.7884817
0.99985415
0.9700656
0.99821496
0.9967901
0.5399239
0.9987098
0.99862194
0.9998213
0.99527013
0.9980754
0.9998707
0.9994625
0.9767432
0.8181567
0.8003055
0.96667796
0.9657727
0.9976752
0.9999177
0.8075414
0.8658457
0.9687889
0.89141375
0.812955
0.99739814
0.8826477
0.813065
0.9876267
0.9745737
